PARAMS:
Length of simulation (mins): 510
Arrival rate (lambda): 6.0
Service rate (mu): 4.0
Number of servers: 2
Traffic Intensity (assuming no special clients): 0.75
Vars are Exponentially Distributed.
There are no special clients.
Breaks per server 2
Length of breaks 30
Number of Simulations 250
Server 0 was scheduled to break at 150
Server 0 was scheduled to break at 390
Server 1 was scheduled to break at 210
Server 1 was scheduled to break at 450
========================================

Average waiting times (Client):
1.66 1.4 1.76 1.76 1.5 1.54 1.18 1.54 1.86 1.52 1.42 1.38 1.2 1.38 1.62 1.24 1.86 1.48 1.9 1.56 1.28 1.28 1.56 1.52 1.56 1.58 1.52 1.54 1.42 1.3 1.44 1.36 1.6 1.38 1.52 1.36 1.56 1.92 1.74 1.48 1.48 1.5 1.5 1.46 1.98 1.18 1.9 1.42 1.72 1.34 1.62 1.4 1.72 1.38 1.7 1.66 1.62 1.84 1.42 1.42 2.04 1.52 1.12 1.38 1.42 1.26 1.12 1.36 1.58 1.64 1.56 1.72 1.48 1.42 1.5 1.4 1.46 1.62 1.66 1.62 1.38 1.24 1.48 1.74 1.32 1.36 1.92 1.56 2.0 2.14 1.26 2.88 2.2 1.36 1.82 1.44 1.14 1.52 1.42 1.16 1.52 1.42 1.46 1.34 1.42 1.5 1.24 1.8 1.46 1.3 1.5 1.54 1.54 1.7 1.48 1.62 1.56 1.54 1.4 1.44 1.06 1.96 1.44 1.54 1.26 1.36 1.72 1.32 1.74 1.34 1.42 1.44 1.56 1.78 1.36 1.68 1.6 1.8 1.28 1.7 1.48 1.4 1.56 1.28 1.9 1.58 1.48 1.58 1.36 1.82 1.7 1.46 2.18 1.22 1.44 1.62 1.58 1.78 1.82 1.16 1.36 1.42 1.46 1.48 1.54 1.52 2.04 1.6 1.58 1.36 1.62 1.58 1.82 1.32 1.78 1.56 1.18 1.46 1.66 1.54 1.8 1.52 1.24 1.58 1.26 1.42 1.12 1.62 1.62 1.24 1.5 1.18 1.34 1.4 1.5 1.8 1.52 2.48 1.38 1.24 1.5 1.38 1.48 1.42 1.3 1.48 1.64 1.16 1.62 1.72 1.5 1.34 1.52 1.74 1.64 1.64 1.46 1.56 1.44 1.48 1.26 1.52 1.5 1.5 1.38 1.24 1.46 1.72 1.42 2.0 1.78 1.46 1.48 1.8 1.16 1.24 1.84 1.32 1.64 1.44 1.44 1.66 1.28 1.7 1.28 1.54 1.46 1.58 1.98 1.58
Longest average waiting time client: 2.88

Average time spent in system:
16.56 16.18 16.68 16.74 16.36 16.66 16.1 16.5 16.86 16.5 16.64 16.36 16.28 16.42 16.58 16.1 16.78 16.6 17.16 16.56 16.3 16.12 16.54 16.54 16.78 16.62 16.42 16.66 16.38 16.16 16.38 16.36 16.54 16.48 16.54 16.18 16.6 16.84 16.62 16.48 16.42 16.58 16.5 16.46 16.94 16.2 16.82 16.26 16.64 16.4 16.74 16.22 16.82 16.5 16.7 16.58 16.66 16.72 16.3 16.46 17.02 16.7 16.0 16.32 16.42 16.3 16.0 16.2 16.72 16.6 16.72 16.66 16.56 16.42 16.48 16.38 16.46 16.52 16.52 16.54 16.3 16.2 16.52 16.78 16.44 16.28 16.82 16.78 17.04 17.24 16.34 17.84 17.0 16.38 16.84 16.48 15.92 16.42 16.36 16.28 16.44 16.34 16.4 16.26 16.4 16.44 16.28 16.9 16.4 16.36 16.54 16.54 16.64 16.82 16.4 16.66 16.38 16.8 16.42 16.5 15.98 17.08 16.32 16.46 16.22 16.24 16.8 16.24 16.76 16.36 16.38 16.38 16.74 16.9 16.34 16.68 16.54 16.86 16.14 16.6 16.42 16.44 16.7 16.24 17.02 16.46 16.6 16.62 16.2 16.9 16.62 16.42 17.24 16.06 16.44 16.76 16.66 16.7 16.88 16.18 16.32 16.48 16.46 16.5 16.56 16.56 17.02 16.46 16.4 16.26 16.72 16.52 16.78 16.42 16.64 16.56 16.2 16.36 16.78 16.68 16.74 16.6 16.28 16.62 16.4 16.44 16.14 16.68 16.62 16.24 16.62 16.2 16.16 16.28 16.56 16.86 16.66 17.38 16.38 16.18 16.58 16.52 16.62 16.24 16.18 16.42 16.58 16.08 16.66 16.66 16.52 16.2 16.48 16.74 16.64 16.66 16.42 16.54 16.46 16.48 16.26 16.48 16.44 16.38 16.28 15.96 16.46 16.54 16.3 17.1 16.88 16.64 16.36 16.82 16.12 16.3 16.9 16.18 16.66 16.32 16.48 16.84 16.22 16.62 16.24 16.34 16.46 16.58 17.14 16.54
Longest average time spent in system: 17.84

Maximum waiting times (Client):
11 12 10 13 10 11 9 10 11 11 10 11 9 8 13 10 10 8 12 10 8 10 12 10 10 12 10 11 10 9 11 15 9 10 13 8 13 16 11 8 11 13 9 13 15 7 17 9 11 10 11 9 12 9 11 12 9 12 7 11 12 11 9 10 9 8 9 8 9 12 11 11 10 9 8 9 8 10 11 12 10 9 10 12 8 8 11 10 13 12 10 17 15 12 13 10 8 10 11 8 11 11 13 8 12 10 7 10 10 7 11 11 9 14 8 12 11 13 11 13 7 12 9 12 8 11 10 8 11 11 10 11 9 11 9 11 9 12 8 10 10 10 9 10 13 10 13 10 8 14 11 10 13 10 11 12 10 11 14 10 10 12 8 11 10 14 14 10 9 8 10 11 14 9 12 12 10 10 14 13 11 11 8 9 10 10 9 11 13 8 11 8 8 10 11 14 11 17 10 10 12 9 10 12 11 9 11 8 11 10 10 11 11 11 11 10 9 10 9 9 8 12 11 9 9 9 10 11 9 13 11 9 12 10 9 8 12 8 13 7 8 11 8 10 8 10 11 11 12 11
Overall largest waiting time (Client): 17

Maximum time spent in system:
25 27 25 28 24 26 23 25 26 25 25 26 24 24 29 24 25 24 27 25 23 25 27 25 25 27 25 26 25 23 26 30 24 25 28 23 27 30 26 23 26 28 24 28 30 23 32 24 26 24 27 24 28 26 26 27 24 26 24 26 27 26 23 25 24 23 24 23 24 27 27 26 25 24 23 24 23 26 26 27 25 24 25 28 24 23 26 25 28 27 25 32 30 27 28 25 23 25 26 23 26 27 28 23 27 25 23 25 25 23 27 26 24 28 23 28 25 28 26 28 22 26 24 26 24 26 26 23 28 26 25 26 25 27 24 26 24 27 23 25 23 25 23 24 28 25 27 27 23 29 26 26 28 26 26 26 25 27 29 25 24 27 24 25 26 29 29 26 24 24 25 25 29 25 28 27 25 26 29 28 26 26 23 24 25 25 24 28 27 23 26 22 23 25 25 29 26 32 25 25 27 25 27 26 24 24 25 23 26 26 25 26 26 27 26 26 23 25 24 24 24 27 26 25 25 24 25 26 24 29 26 23 27 25 24 23 27 24 27 23 24 26 23 26 24 25 26 26 27 26
Overall largest time spent in system (Client): 32

Time spent serving Clients (mins):
370 355 369 343 369 355 366 355 364 350 366 356 368 351 364 357 376 351 363 357 370 362 365 357 365 358 364 358 367 353 357 356 366 350 369 360 374 362 367 363 364 363 363 349 364 357 368 359 373 361 370 357 367 354 377 347 362 362 361 355 364 355 367 353 365 356 368 362 371 353 368 335 368 356 378 348 366 351 366 356 362 357 366 356 366 359 370 354 373 355 366 360 366 362 363 355 366 349 368 356 378 351 360 353 370 358 369 362 363 355 367 352 370 356 366 350 369 353 365 357 371 354 374 355 363 356 364 354 365 358 371 355 366 349 363 352 366 360 365 357 371 358 376 353 373 356 363 359 362 358 364 353 374 338 373 353 372 353 367 355 362 353 363 359 366 354 371 352 368 358 366 341 374 352 374 362 376 354 379 357 369 356 388 351 366 350 369 354 366 354 367 360 373 331 360 352 365 355 369 360 362 359 365 353 367 353 373 355 364 350 362 365 367 358 363 361 365 355 366 357 381 341 369 353 371 366 372 353 365 356 365 358 363 352 377 360 367 353 365 357 370 336 382 355 365 351 365 354 369 347 367 346 366 352 362 357 375 354 364 361 361 361 365 355 372 358 374 363 365 354 370 355 373 357 370 353 361 354 363 355 365 352 366 360 375 354 379 340 364 361 360 358 372 357 368 351 369 332 367 356 363 351 366 358 377 356 364 355 376 343 369 362 364 357 371 351 365 358 369 355 362 360 366 358 370 356 368 358 364 360 366 355 373 354 365 348 361 360 363 354 376 352 359 359 366 364 372 357 361 355 368 352 368 344 367 351 367 360 366 361 362 356 367 358 367 357 363 359 375 347 370 356 371 345 372 356 365 354 370 356 372 358 367 359 362 353 363 355 368 356 367 352 367 361 377 360 361 359 364 355 368 356 369 356 367 365 362 351 362 356 370 351 365 353 371 340 375 355 369 355 367 358 363 353 368 353 362 357 366 352 367 359 365 359 366 355 371 355 369 354 366 352 364 357 363 355 369 348 363 354 355 351 366 357 373 348 362 353 382 352 371 358 373 356 359 355 371 355 365 358 372 355 376 357 359 357 368 354 373 355 364 361 378 360 362 357 363 356 363 353 358 351 363 355 371 356 375 358 368 357
Most time spent serving Clients: 388

Time spent idle (Server, mins):
87 102 93 119 89 103 92 103 94 108 92 102 92 109 95 102 84 109 95 101 87 95 94 102 92 99 98 104 91 105 102 103 91 107 90 99 85 97 93 97 93 94 95 109 94 101 90 99 86 98 89 102 92 105 82 112 95 95 101 107 97 106 93 107 94 103 94 100 88 106 92 125 91 103 83 113 92 107 93 103 97 102 93 103 91 98 89 105 87 105 91 97 100 104 97 105 93 110 91 103 81 108 98 105 90 102 89 96 96 104 92 107 89 103 93 109 88 104 92 100 86 103 84 103 95 102 97 107 94 101 88 104 93 110 96 107 95 101 93 101 89 102 81 104 89 106 97 101 95 99 94 105 86 122 85 105 85 104 90 102 97 106 95 99 93 105 89 108 91 101 93 118 84 106 84 96 83 105 82 104 91 104 78 115 94 110 90 105 93 105 93 100 87 129 99 107 92 102 91 100 96 99 94 106 92 106 86 104 95 109 98 95 92 101 92 94 95 105 95 104 79 119 92 108 89 94 86 105 94 103 95 102 96 107 82 99 92 106 93 101 88 122 80 107 95 109 94 105 90 112 93 114 91 105 99 104 84 105 95 98 99 99 94 104 87 101 85 96 95 106 90 105 87 103 90 107 99 106 96 104 94 107 92 98 85 106 80 119 96 99 97 99 88 103 90 107 91 128 92 103 98 110 92 100 83 104 95 104 84 117 91 98 95 102 89 109 93 100 91 105 98 100 93 101 88 102 91 101 93 97 93 104 85 104 94 111 99 100 97 106 85 109 102 102 97 99 85 100 96 102 91 107 92 116 92 108 94 101 91 96 97 103 92 101 92 102 96 100 84 112 90 104 89 115 88 104 93 104 90 104 87 101 92 100 96 105 95 103 91 103 91 106 93 99 84 101 97 99 94 103 92 104 90 103 92 94 97 108 96 102 88 107 94 106 88 119 84 104 88 102 90 99 98 108 94 109 96 101 94 108 91 99 95 101 93 104 90 106 90 105 94 108 93 100 96 104 89 110 96 105 102 106 88 97 86 111 99 108 79 109 89 102 86 103 101 105 88 104 94 101 87 104 82 101 99 101 90 104 85 103 96 99 81 99 97 102 96 103 96 106 99 106 97 105 84 99 84 101 90 101
Longest time spent idle (Server): 129

Average system size (num active customers):
3.1271676300578033 3.049618320610687 3.1346153846153846 3.146153846153846 3.098076923076923 3.151923076923077 3.0670498084291187 3.1151631477927064 3.1475095785440614 3.123076923076923 3.1657032755298653 3.103646833013436 3.117533718689788 3.0973282442748094 3.128846153846154 3.0671785028790786 3.1502890173410405 3.140115163147793 3.2072936660268714 3.1187739463601534 3.113680154142582 3.0730769230769233 3.126923076923077 3.1307692307692307 3.166986564299424 3.1343570057581576 3.1017274472168905 3.145873320537428 3.115606936416185 3.0553435114503817 3.089866156787763 3.099616858237548 3.1170825335892514 3.1087786259541983 3.124760076775432 3.0651340996168583 3.132437619961612 3.1319311663479925 3.125 3.1170825335892514 3.105566218809981 3.1343570057581576 3.1310211946050095 3.1151631477927064 3.1513409961685825 3.1040462427745665 3.100378787878788 3.074712643678161 3.124760076775432 3.1151631477927064 3.1535508637236083 3.080769230769231 3.153256704980843 3.1365384615384615 3.1381957773512474 3.1190019193857967 3.1381957773512474 3.128598848368522 3.1001926782273603 3.1310211946050095 3.179190751445087 3.1615384615384614 3.0653846153846156 3.084130019120459 3.111324376199616 3.103646833013436 3.0595009596928984 3.074856046065259 3.141491395793499 3.1307692307692307 3.1494252873563218 3.140655105973025 3.114503816793893 3.1053639846743293 3.1271676300578033 3.1115384615384616 3.1091954022988504 3.1173076923076923 3.1194605009633913 3.1271676300578033 3.092130518234165 3.0923076923076924 3.124760076775432 3.1436781609195403 3.124760076775432 3.09021113243762 3.146153846153846 3.173076923076923 3.174664107485605 3.1873804971319313 3.1053639846743293 3.2007575757575757 3.1417624521072796 3.109404990403071 3.1535508637236083 3.1149425287356323 3.0363984674329503 3.1017274472168905 3.111753371868979 3.103448275862069 3.1115384615384616 3.0959692898272553 3.103646833013436 3.0882917466410746 3.107485604606526 3.1015325670498086 3.1017274472168905 3.1914893617021276 3.0977011494252875 3.0994263862332696 3.1206896551724137 3.1108986615678775 3.136015325670498 3.167307692307692 3.1017274472168905 3.132183908045977 3.09021113243762 3.1727447216890594 3.113243761996161 3.1307692307692307 3.0673076923076925 3.16793893129771 3.0842911877394634 3.107485604606526 3.0882917466410746 3.0766283524904217 3.167630057803468 3.074569789674952 3.145873320537428 3.107485604606526 3.0977011494252875 3.1017274472168905 3.159309021113244 3.168905950095969 3.0957854406130267 3.1302681992337167 3.111111111111111 3.153256704980843 3.0651340996168583 3.1190019193857967 3.105566218809981 3.123076923076923 3.1455938697318007 3.09021113243762 3.1743295019157087 3.115606936416185 3.1340996168582373 3.1403846153846153 3.0095785440613025 3.165067178502879 3.1108986615678775 3.1134615384615385 3.189655172413793 3.0614203454894433 3.10727969348659 3.1513409961685825 3.1420345489443378 3.124521072796935 3.167307692307692 3.0842911877394634 3.0919540229885056 3.1228406909788866 3.121153846153846 3.1209213051823417 3.138728323699422 3.128598848368522 3.173076923076923 3.1017274472168905 3.086206896551724 3.0804597701149423 3.1376673040152965 3.1032504780114722 3.118095238095238 3.132947976878613 3.1310211946050095 3.124760076775432 3.086206896551724 3.0959692898272553 3.1453154875717018 3.161849710982659 3.1362763915547025 3.1362763915547025 3.1017274472168905 3.1343570057581576 3.1228406909788866 3.1091954022988504 3.0804597701149423 3.136015325670498 3.1365384615384615 3.0881226053639845 3.1420345489443378 3.092130518234165 3.075 3.0923076923076924 3.1305182341650672 3.1653846153846152 3.1417624521072796 3.1816443594646273 3.1134615384615385 3.0884615384615386 3.128352490421456 3.1343570057581576 3.143953934740883 3.076775431861804 3.082692307692308 3.1115384615384616 3.1209213051823417 3.071017274472169 3.1381957773512474 3.140655105973025 3.1348747591522157 3.0650095602294454 3.095419847328244 3.148076923076923 3.1264367816091956 3.1423076923076922 3.1015325670498086 3.1209213051823417 3.1051625239005736 3.1170825335892514 3.0900383141762453 3.1252408477842004 3.107485604606526 3.101923076923077 3.0882917466410746 3.052023121387283 3.145348837209302 3.105566218809981 3.0764818355640537 3.1739961759082216 3.1590038314176243 3.1497120921305184 3.0881226053639845 3.1516314779270633 3.0786948176583495 3.105566218809981 3.169230769230769 3.080769230769231 3.1423076923076922 3.0961538461538463 3.1149425287356323 3.168905950095969 3.0863723608445297 3.1228406909788866 3.09021113243762 3.096339113680154 3.1091954022988504 3.150870406189555 3.195777351247601 3.125
Largest average system size: 3.2072936660268714

Average queue size:
0.25626204238921 0.22900763358778625 0.2653846153846154 0.2653846153846154 0.2403846153846154 0.24423076923076922 0.20881226053639848 0.2437619961612284 0.2739463601532567 0.2423076923076923 0.23314065510597304 0.22840690978886757 0.2119460500963391 0.22709923664122136 0.2519230769230769 0.21497120921305182 0.27552986512524086 0.2380038387715931 0.2783109404990403 0.24521072796934865 0.21965317919075145 0.21923076923076923 0.24615384615384617 0.2423076923076923 0.2456813819577735 0.2476007677543186 0.2418426103646833 0.2437619961612284 0.23314065510597304 0.21946564885496184 0.2332695984703633 0.2260536398467433 0.2495201535508637 0.22709923664122136 0.2418426103646833 0.2260536398467433 0.2456813819577735 0.27915869980879543 0.26346153846153847 0.2380038387715931 0.2380038387715931 0.2399232245681382 0.24084778420038536 0.236084452975048 0.28544061302681994 0.21001926782273603 0.2746212121212121 0.23180076628352492 0.26103646833013433 0.22456813819577734 0.2514395393474088 0.23076923076923078 0.26053639846743293 0.22884615384615384 0.2591170825335892 0.255278310940499 0.2514395393474088 0.272552783109405 0.23314065510597304 0.23314065510597304 0.2928709055876686 0.2423076923076923 0.20384615384615384 0.22753346080305928 0.23224568138195778 0.21689059500959693 0.2034548944337812 0.22648752399232247 0.24665391969407266 0.25384615384615383 0.24521072796934865 0.26204238921001927 0.2366412213740458 0.23180076628352492 0.24084778420038536 0.23076923076923078 0.23563218390804597 0.2519230769230769 0.25626204238921 0.2524084778420039 0.22840690978886757 0.2153846153846154 0.2380038387715931 0.2624521072796935 0.22264875239923224 0.22648752399232247 0.28076923076923077 0.24615384615384617 0.28790786948176583 0.30019120458891013 0.2164750957854406 0.36742424242424243 0.3065134099616858 0.22648752399232247 0.2706333973128599 0.23371647509578544 0.2049808429118774 0.2418426103646833 0.23314065510597304 0.20689655172413793 0.2423076923076923 0.23224568138195778 0.236084452975048 0.22456813819577734 0.23224568138195778 0.23946360153256704 0.21497120921305182 0.27079303675048355 0.23563218390804597 0.2198852772466539 0.23946360153256704 0.24282982791587 0.24329501915708812 0.25961538461538464 0.2380038387715931 0.2509578544061303 0.2456813819577735 0.2437619961612284 0.23032629558541268 0.23461538461538461 0.19807692307692307 0.2824427480916031 0.23371647509578544 0.2437619961612284 0.21689059500959693 0.2260536398467433 0.26204238921001927 0.22179732313575526 0.2629558541266795 0.22456813819577734 0.23180076628352492 0.23416506717850288 0.2456813819577735 0.2667946257197697 0.2260536398467433 0.2567049808429119 0.24904214559386972 0.2681992337164751 0.21839080459770116 0.2591170825335892 0.2380038387715931 0.23076923076923078 0.24521072796934865 0.21880998080614203 0.2777777777777778 0.24855491329479767 0.23754789272030652 0.24807692307692308 0.22413793103448276 0.2706333973128599 0.25812619502868067 0.23653846153846153 0.3045977011494253 0.21305182341650672 0.23371647509578544 0.2509578544061303 0.2476007677543186 0.2662835249042146 0.27115384615384613 0.20689655172413793 0.2260536398467433 0.23224568138195778 0.23653846153846153 0.2380038387715931 0.24470134874759153 0.2418426103646833 0.2923076923076923 0.2495201535508637 0.2471264367816092 0.2260536398467433 0.25047801147227533 0.24665391969407266 0.26857142857142857 0.22350674373795762 0.2678227360308285 0.2456813819577735 0.20881226053639848 0.236084452975048 0.25430210325047803 0.24470134874759153 0.2687140115163148 0.2418426103646833 0.21497120921305182 0.2476007677543186 0.21689059500959693 0.23180076628352492 0.20306513409961685 0.2509578544061303 0.2519230769230769 0.21455938697318008 0.2399232245681382 0.2092130518234165 0.225 0.23076923076923078 0.2399232245681382 0.2692307692307692 0.2413793103448276 0.3326959847036329 0.22884615384615384 0.2153846153846154 0.23946360153256704 0.22840690978886757 0.2380038387715931 0.23224568138195778 0.22115384615384615 0.23846153846153847 0.2533589251439539 0.2072936660268714 0.2514395393474088 0.26204238921001927 0.24084778420038536 0.2237093690248566 0.24045801526717558 0.26346153846153847 0.25287356321839083 0.25384615384615383 0.23563218390804597 0.2456813819577735 0.2332695984703633 0.2380038387715931 0.2164750957854406 0.24277456647398843 0.2399232245681382 0.2403846153846154 0.22840690978886757 0.21579961464354527 0.23837209302325582 0.26103646833013433 0.23135755258126195 0.28680688336520077 0.2662835249042146 0.236084452975048 0.23754789272030652 0.2687140115163148 0.2072936660268714 0.21497120921305182 0.27307692307692305 0.2230769230769231 0.25384615384615383 0.23461538461538461 0.23371647509578544 0.255278310940499 0.21880998080614203 0.2591170825335892 0.21880998080614203 0.24470134874759153 0.23563218390804597 0.2495164410058027 0.28598848368522073 0.24807692307692308
Largest average queue size: 0.36742424242424243

Finishing times (Last Client arrival is at or before 510 mins):
519 524 520 520 520 520 522 521 522 520 519 521 519 524 520 521 519 521 521 522 519 520 520 520 521 521 521 521 519 524 523 522 521 524 521 522 521 523 520 521 521 521 519 521 522 519 528 522 521 521 521 520 522 520 521 521 521 521 519 519 519 520 520 523 521 521 521 521 523 520 522 519 524 522 519 520 522 520 519 519 521 520 521 522 521 521 520 520 521 523 522 528 522 521 521 522 522 521 519 522 520 521 521 521 521 522 521 517 522 523 522 523 522 520 521 522 521 521 521 520 520 524 522 521 521 522 519 523 521 521 522 521 521 521 522 522 522 522 522 521 521 520 522 521 522 519 522 520 522 521 523 520 522 521 522 522 521 522 520 522 522 521 520 521 519 521 520 521 522 522 523 523 525 519 519 521 522 521 523 519 521 521 521 521 521 522 522 522 520 522 521 521 520 520 521 520 522 523 520 520 522 521 521 521 520 520 521 521 521 519 519 523 524 520 522 520 522 521 523 521 522 519 521 520 521 519 516 521 523 523 522 521 522 521 521 521 520 520 520 520 522 521 521 521 521 519 522 517 521 520
Latest finishing time: 528
Median: 521
