PARAMS:
Length of simulation (mins): 510
Arrival rate (lambda): 6.0
Service rate (mu): 4.0
Number of servers: 2
Traffic Intensity (assuming no special clients): 0.75
Vars are Exponentially Distributed.
There are no special clients.
Breaks per server 2
Length of breaks 30
Number of Simulations 250
Server 0 was scheduled to break at 90
Server 0 was scheduled to break at 330
Server 1 was scheduled to break at 150
Server 1 was scheduled to break at 390
========================================

Average waiting times (Client):
1.76 1.2 1.18 1.36 1.62 1.58 1.5 1.34 1.62 1.7 1.42 1.24 1.44 1.54 1.38 1.48 1.42 1.64 1.42 1.58 1.24 1.34 1.58 1.9 1.78 1.84 1.46 1.0 1.12 1.24 1.56 1.54 1.38 1.3 1.36 1.84 1.7 1.5 1.36 1.2 1.68 1.74 1.68 1.48 1.3 1.46 1.6 1.56 1.74 1.44 1.34 2.06 1.68 1.44 1.48 1.5 1.72 1.7 1.44 1.64 1.4 1.68 1.4 2.02 1.58 1.56 1.28 1.84 1.48 1.4 1.76 1.48 1.7 1.54 1.48 1.42 1.26 1.38 1.84 1.6 2.02 1.6 1.38 1.9 1.22 1.4 1.74 1.5 1.44 1.52 1.54 1.48 1.6 1.42 1.56 1.6 1.82 1.36 1.26 1.26 1.42 1.56 1.4 1.54 1.6 1.52 2.0 1.3 1.42 1.34 1.76 1.72 1.3 1.38 1.9 1.64 1.6 1.24 1.34 1.42 1.42 1.64 1.74 1.76 1.46 1.34 1.64 1.42 1.3 1.42 1.36 1.34 1.66 1.52 1.48 1.62 1.56 1.7 1.48 1.5 1.28 1.5 1.78 1.7 1.52 1.42 1.62 1.76 1.48 1.24 1.58 1.48 1.38 1.58 1.22 1.22 1.46 1.3 1.56 1.92 1.62 1.36 1.56 1.44 1.5 1.54 1.26 1.26 1.5 1.7 1.38 1.52 1.64 1.38 1.58 1.46 1.48 1.38 1.88 1.36 1.68 1.56 1.54 1.54 1.74 1.38 1.5 1.72 1.46 1.08 1.6 1.94 1.54 1.18 1.34 1.32 1.48 1.2 1.36 1.52 1.12 1.54 1.4 1.44 1.16 1.38 1.3 1.62 1.3 1.44 1.48 1.38 1.04 1.52 1.64 1.58 1.72 1.82 1.6 1.76 1.46 1.34 1.46 1.52 1.46 1.54 1.44 1.52 1.64 1.36 1.16 1.44 1.46 1.56 1.64 1.4 1.44 1.46 1.64 1.74 1.44 1.7 1.5 1.78 1.82 1.64 1.5 1.24 1.08 1.78
Longest average waiting time client: 2.06
Mean:	1.5068
Median:	1.5
Mode:	1.48

Average time spent in system:
16.78 16.28 16.02 16.18 16.6 16.68 16.52 16.28 16.5 16.72 16.54 16.16 16.4 16.58 16.44 16.44 16.44 16.7 16.36 16.5 16.22 16.56 16.5 16.94 16.76 16.82 16.44 15.74 16.12 16.16 16.58 16.36 16.32 16.3 16.46 16.94 16.78 16.46 16.2 16.12 16.78 16.66 16.76 16.48 16.38 16.34 16.58 16.52 16.72 16.4 16.3 17.02 16.76 16.52 16.52 16.24 16.64 16.78 16.4 16.7 16.38 16.46 16.44 17.02 16.58 16.36 16.34 16.7 16.38 16.44 16.64 16.48 16.8 16.42 16.5 16.4 15.94 16.42 16.88 16.36 17.18 16.7 16.36 16.8 16.34 16.36 16.74 16.42 16.36 16.54 16.36 16.46 16.5 16.34 16.56 16.76 16.8 16.34 16.2 16.26 16.36 16.6 16.42 16.46 16.5 16.52 16.98 16.24 16.54 16.22 16.76 16.64 16.3 16.38 16.88 16.66 16.62 16.26 16.34 16.62 16.48 16.56 16.92 16.8 16.46 16.22 16.7 16.4 16.26 16.54 16.4 16.14 16.78 16.52 16.58 16.66 16.64 16.62 16.46 16.48 16.14 16.66 16.74 16.72 16.54 16.5 16.58 16.72 16.34 16.08 16.72 16.46 16.36 16.52 16.22 16.32 16.52 16.4 16.56 17.16 16.58 16.44 16.5 16.4 16.48 16.64 16.12 16.22 16.42 16.74 16.44 16.4 16.82 16.3 16.64 16.4 16.6 16.36 16.94 16.36 16.7 16.58 16.48 16.56 16.9 16.54 16.64 16.82 16.46 15.88 16.72 17.1 16.3 16.02 16.18 16.12 16.54 16.04 16.34 16.6 16.2 16.72 16.24 16.58 16.08 16.3 16.4 16.7 16.08 16.32 16.4 16.34 16.1 16.24 16.9 16.56 16.76 16.84 16.54 16.8 16.4 16.32 16.36 16.48 16.44 16.58 16.52 16.48 16.86 16.42 16.08 16.52 16.4 16.7 16.7 16.36 16.46 16.48 16.64 16.68 16.36 16.68 16.62 16.94 16.84 16.64 16.56 16.3 16.08 16.8
Longest average time spent in system: 17.18
Mean:	16.50008
Median:	16.48
Mode:	16.36

Maximum waiting times (Client):
15 7 8 8 12 11 12 9 10 11 9 7 9 10 10 11 8 12 9 10 9 9 10 12 10 11 12 8 7 9 10 10 8 9 8 10 12 10 8 7 12 11 11 10 10 9 11 10 11 9 8 12 14 11 11 12 9 13 9 11 10 10 9 12 10 12 9 15 10 10 12 9 10 9 9 10 8 8 14 10 13 10 11 13 9 10 12 10 10 11 10 10 13 9 10 12 13 10 9 10 10 12 9 13 11 10 11 9 10 8 10 15 10 9 12 10 10 8 8 7 9 11 11 14 10 9 11 10 11 11 10 10 9 10 9 11 12 9 9 12 9 9 11 12 11 10 15 12 10 9 11 10 10 10 9 7 10 8 12 13 10 10 10 9 10 11 9 8 9 11 8 10 11 8 11 10 8 9 11 9 10 10 11 10 12 10 10 9 8 10 11 12 10 9 9 10 8 8 12 11 8 10 9 9 10 10 9 10 8 8 8 11 8 9 13 11 12 11 10 12 12 9 10 9 10 9 9 13 10 11 7 9 10 12 12 10 11 9 10 10 11 9 11 12 15 12 11 11 8 12
Overall largest waiting time (Client): 15

Maximum time spent in system:
31 22 23 23 28 26 27 25 26 26 24 22 25 26 25 27 23 26 24 25 24 24 26 28 25 25 26 23 23 24 25 24 23 23 25 25 27 25 24 22 26 26 26 25 25 24 26 25 25 24 23 28 29 26 26 28 24 28 25 26 26 25 25 28 25 27 23 29 26 25 27 24 25 25 24 24 23 23 29 25 28 26 26 28 25 25 27 24 25 26 25 25 27 24 25 29 28 25 24 25 25 28 24 28 27 25 26 24 25 23 27 30 25 25 27 25 27 23 23 24 23 26 26 29 25 24 26 26 25 25 26 25 25 25 25 27 27 24 24 27 24 24 26 27 26 25 30 27 25 25 25 25 25 26 24 22 25 23 27 28 24 25 25 24 25 27 24 23 25 27 24 25 26 24 27 25 24 24 28 24 25 24 26 25 27 25 25 25 23 25 26 27 25 23 24 25 23 25 26 26 23 25 24 24 25 25 24 25 24 23 25 26 24 23 28 28 26 26 25 27 26 23 24 24 25 24 24 28 25 25 23 24 25 27 27 25 26 25 25 25 26 24 26 27 30 27 26 26 23 28
Overall largest time spent in system (Client): 31

Time spent serving Clients (mins):
358 362 370 356 368 342 359 354 365 353 369 357 367 354 363 356 361 357 368 357 371 350 364 358 363 358 367 356 366 360 362 358 372 355 363 359 365 354 367 357 365 356 373 360 366 354 372 358 367 355 372 358 366 352 364 338 366 357 375 340 377 354 362 353 366 352 363 359 370 355 378 357 369 356 365 353 360 355 366 353 368 358 364 355 370 357 363 358 367 358 366 348 371 352 367 355 366 355 364 355 364 355 367 353 368 355 367 359 360 360 359 349 358 356 373 361 376 342 368 357 366 357 368 351 370 357 373 356 375 356 362 349 366 358 363 353 364 352 357 363 372 353 363 360 373 356 367 350 367 356 368 357 361 349 366 358 377 354 357 351 370 359 370 358 369 352 371 354 379 345 369 353 371 352 362 355 368 354 366 355 364 354 366 358 361 353 361 355 365 357 369 361 367 355 380 343 363 360 363 361 370 351 365 358 368 353 364 354 357 358 367 358 374 352 368 358 374 357 363 356 371 353 374 355 367 355 364 354 367 350 363 357 366 355 362 356 367 358 368 359 369 358 357 362 364 364 364 361 369 353 362 356 368 357 366 352 366 353 371 360 361 361 357 356 371 360 368 358 371 360 368 356 367 357 366 352 365 357 367 351 369 336 370 362 374 354 368 355 360 361 366 360 365 353 368 352 362 353 370 335 372 357 371 357 369 354 364 355 368 353 371 356 367 359 369 361 365 357 369 361 365 361 372 355 366 354 363 356 364 356 365 358 359 354 363 355 365 352 361 364 365 360 363 351 373 358 366 353 365 356 364 357 363 365 361 354 375 355 364 358 376 357 366 356 362 365 361 358 368 360 367 363 371 358 368 356 363 359 363 336 369 354 370 359 362 351 363 350 367 348 354 357 370 354 362 340 368 355 365 361 371 345 373 357 358 355 373 359 369 338 365 354 368 366 379 351 356 357 365 350 369 357 367 356 371 342 371 345 375 358 365 355 376 358 373 360 362 359 373 357 362 359 379 344 365 361 367 356 363 359 371 356 371 358 365 353 373 358 368 359 371 342 369 356 365 354 370 360 362 359 368 354 366 357 366 356 364 357 363 357 364 354 359 362 370 357 372 359 369 354 368 356 366 358 374 337 375 340 363 362
Most time spent serving Clients: 380
Median:	361

Time spent idle (Server, mins):
101 97 91 105 91 117 100 105 92 104 90 102 92 105 93 100 97 101 92 103 88 109 95 101 98 103 92 103 94 100 95 99 86 103 96 100 93 104 93 103 94 103 85 98 89 101 86 100 92 104 87 101 93 107 96 122 94 103 84 119 80 103 98 107 92 106 96 100 90 105 80 101 89 102 91 103 102 107 94 107 91 101 94 103 90 103 95 100 92 101 93 111 88 107 90 102 91 102 92 101 93 102 93 107 92 105 93 101 98 98 101 111 100 102 84 96 83 117 92 103 93 102 92 109 87 100 87 104 82 101 97 110 95 103 96 106 96 108 101 95 90 109 96 99 86 103 92 109 92 103 93 104 96 108 93 101 81 104 102 108 89 100 89 101 90 107 88 105 78 112 88 104 90 109 98 105 92 106 95 106 95 105 93 101 98 106 97 103 94 102 91 99 93 105 77 114 96 99 97 99 87 106 93 100 91 106 96 106 103 102 91 100 86 108 92 102 83 100 94 101 88 106 85 104 92 104 93 103 92 109 96 102 93 104 99 105 93 102 91 100 89 100 102 97 94 94 94 97 90 106 96 102 90 101 95 109 93 106 86 97 97 97 100 101 82 93 93 103 89 100 91 103 92 102 94 108 95 103 92 108 91 124 89 97 87 107 94 107 100 99 93 99 93 105 89 105 97 106 89 124 83 98 88 102 91 106 97 106 91 106 87 102 95 103 91 99 94 102 92 100 92 96 89 106 92 104 96 103 94 102 95 102 99 104 98 106 94 107 99 96 94 99 96 108 87 102 93 106 94 103 91 98 98 96 97 104 84 104 95 101 82 101 93 103 96 93 99 102 91 99 91 95 87 100 91 103 96 100 98 125 90 105 89 100 96 107 97 110 91 110 105 102 87 103 94 116 92 105 93 97 88 114 89 105 99 102 84 98 90 121 96 107 92 94 81 109 104 103 93 108 89 101 94 105 89 118 87 113 85 102 94 104 81 99 85 98 98 101 87 103 96 99 79 114 92 96 92 103 95 99 90 105 87 100 94 106 86 101 92 101 87 116 91 104 94 105 89 99 98 101 91 105 94 103 94 104 97 104 94 100 97 107 100 97 86 99 88 101 89 104 92 104 95 103 80 117 86 121 94 95
Longest time spent idle (Server): 125
Median: 98

Average system size (num active customers):
3.147792706333973 3.0936902485659656 3.057581573896353 3.071017274472169 3.138728323699422 3.145873320537428 3.1228406909788866 3.11003861003861 3.1134615384615385 3.136015325670498 3.1343570057581576 3.0786948176583495 3.0936902485659656 3.1305182341650672 3.1130268199233715 3.121387283236994 3.121153846153846 3.143953934740883 3.105769230769231 3.1053639846743293 3.09021113243762 3.151923076923077 3.135396518375242 3.171153846153846 3.1420345489443378 3.147792706333973 3.111324376199616 3.0153256704980844 3.0766283524904217 3.0786948176583495 3.140655105973025 3.082375478927203 3.101923076923077 3.0998080614203456 3.1187739463601534 3.1769230769230767 3.1596153846153845 3.129343629343629 3.0572519083969465 3.0689655172413794 3.1554702495201536 3.1326923076923077 3.1455938697318007 3.123076923076923 3.1151631477927064 3.092130518234165 3.124760076775432 3.1290944123314066 3.1502890173410405 3.1235521235521237 3.1078998073217727 3.1590038314176243 3.1455938697318007 3.1226053639846745 3.1307692307692307 3.0632183908045976 3.1307692307692307 3.1657032755298653 3.105566218809981 3.1379310344827585 3.105566218809981 3.0881226053639845 3.1290944123314066 3.1628352490421454 3.138728323699422 3.0863723608445297 3.0975143403441683 3.124760076775432 3.0919540229885056 3.123076923076923 3.1030534351145036 3.1170825335892514 3.1573896353166986 3.0998080614203456 3.1209213051823417 3.095602294455067 3.046242774566474 3.1151631477927064 3.1653846153846152 3.0825335892514394 3.199616122840691 3.147792706333973 3.103646833013436 3.1381957773512474 3.1271676300578033 3.113680154142582 3.130019120458891 3.0977011494252875 3.0919540229885056 3.112810707456979 3.0882917466410746 3.113243761996161 3.109404990403071 3.101923076923077 3.124760076775432 3.153256704980843 3.1398467432950192 3.113680154142582 3.0844529750479848 3.0900383141762453 3.111753371868979 3.1384615384615384 3.113243761996161 3.1015325670498086 3.103448275862069 3.126923076923077 3.157088122605364 3.082375478927203 3.1464354527938343 3.092485549132948 3.143953934740883 3.124760076775432 3.0998080614203456 3.1194605009633913 3.1535508637236083 3.1362763915547025 3.132437619961612 3.0860420650095604 3.0977011494252875 3.1497120921305184 3.128846153846154 3.1170825335892514 3.1826923076923075 3.1576923076923076 3.1151631477927064 3.0865384615384617 3.15 3.095602294455067 3.092130518234165 3.1464354527938343 3.1192307692307693 3.077071290944123 3.1941747572815533 3.108986615678776 3.1302681992337167 3.1381957773512474 3.140115163147793 3.1168582375478926 3.10727969348659 3.1151631477927064 3.0651340996168583 3.1497120921305184 3.1261950286806885 3.1240458015267176 3.1187739463601534 3.126679462571977 3.128846153846154 3.148362235067437 3.09021113243762 3.0633397312859887 3.1779497098646035 3.113243761996161 3.0977011494252875 3.1032504780114722 3.092130518234165 3.1173076923076923 3.1087786259541983 3.1130268199233715 3.124760076775432 3.1931166347992352 3.1348747591522157 3.108986615678776 3.1192307692307693 3.105566218809981 3.121153846153846 3.136015325670498 3.075 3.0764818355640537 3.103646833013436 3.1398467432950192 3.1190019193857967 3.0978886756238 3.160919540229885 3.092130518234165 3.1381957773512474 3.127659574468085 3.12810707456979 3.1096153846153847 3.166986564299424 3.105566218809981 3.146153846153846 3.128598848368522 3.1173076923076923 3.1206896551724137 3.1727447216890594 3.144230769230769 3.151923076923077 3.159309021113244 3.1151631477927064 3.0286806883365203 3.1516314779270633 3.1919385796545106 3.082692307692308 3.0517241379310347 3.078846153846154 3.0633397312859887 3.140655105973025 3.077220077220077 3.0957854406130267 3.1423076923076922 3.0978886756238 3.1393129770992365 3.090558766859345 3.1522157996146434 3.071017274472169 3.0803059273422564 3.1130268199233715 3.1398467432950192 3.0517241379310347 3.0961538461538463 3.1076923076923078 3.0879541108986617 3.0804597701149423 3.0730769230769233 3.1762452107279695 3.1228406909788866 3.159922928709056 3.1596153846153845 3.111111111111111 3.1455938697318007 3.1096153846153847 3.105769230769231 3.1078998073217727 3.113243761996161 3.1173076923076923 3.118546845124283 3.1346153846153846 3.113243761996161 3.174664107485605 3.111111111111111 3.076923076923077 3.1226053639846745 3.103646833013436 3.1516314779270633 3.1379310344827585 3.1017274472168905 3.111111111111111 3.1130268199233715 3.120458891013384 3.142581888246628 3.0860420650095604 3.1343570057581576 3.16023166023166 3.1704980842911876 3.1596153846153845 3.1264367816091956 3.118546845124283 3.135658914728682 3.0669216061185467 3.161849710982659
Largest average system size: 3.199616122840691

Average queue size:
0.2648752399232246 0.21032504780114722 0.2092130518234165 0.22648752399232247 0.2524084778420039 0.2476007677543186 0.2399232245681382 0.22586872586872586 0.2519230769230769 0.25862068965517243 0.23224568138195778 0.21497120921305182 0.2332695984703633 0.2437619961612284 0.22796934865900384 0.23892100192678228 0.2326923076923077 0.2533589251439539 0.2326923076923077 0.2471264367816092 0.21497120921305182 0.225 0.2495164410058027 0.27884615384615385 0.2667946257197697 0.272552783109405 0.236084452975048 0.19157088122605365 0.20306513409961685 0.21497120921305182 0.2466281310211946 0.24329501915708812 0.22884615384615384 0.22072936660268713 0.2260536398467433 0.27307692307692305 0.25961538461538464 0.2413127413127413 0.22519083969465647 0.210727969348659 0.2571976967370441 0.26346153846153847 0.2567049808429119 0.23846153846153847 0.22072936660268713 0.236084452975048 0.2495201535508637 0.2466281310211946 0.26396917148362237 0.23552123552123552 0.2254335260115607 0.29310344827586204 0.2567049808429119 0.23371647509578544 0.23846153846153847 0.23946360153256704 0.26153846153846155 0.26011560693641617 0.23416506717850288 0.25287356321839083 0.23032629558541268 0.2567049808429119 0.23121387283236994 0.289272030651341 0.24855491329479767 0.2456813819577735 0.2179732313575526 0.272552783109405 0.23754789272030652 0.23076923076923078 0.2633587786259542 0.2380038387715931 0.2591170825335892 0.2437619961612284 0.2380038387715931 0.23135755258126195 0.21772639691714837 0.22840690978886757 0.27307692307692305 0.2495201535508637 0.28982725527831094 0.2495201535508637 0.22840690978886757 0.2783109404990403 0.2138728323699422 0.23121387283236994 0.26195028680688337 0.23946360153256704 0.23371647509578544 0.24091778202676864 0.2437619961612284 0.2380038387715931 0.2495201535508637 0.2326923076923077 0.2456813819577735 0.24904214559386972 0.27011494252873564 0.22736030828516376 0.21689059500959693 0.2164750957854406 0.23314065510597304 0.24615384615384617 0.23032629558541268 0.24329501915708812 0.24904214559386972 0.2423076923076923 0.28735632183908044 0.22030651340996169 0.23314065510597304 0.2254335260115607 0.2648752399232246 0.26103646833013433 0.22072936660268713 0.22928709055876687 0.2783109404990403 0.2533589251439539 0.2495201535508637 0.21414913957934992 0.22413793103448276 0.23224568138195778 0.2326923076923077 0.2533589251439539 0.26346153846153847 0.2653846153846154 0.236084452975048 0.225 0.25384615384615383 0.23135755258126195 0.22072936660268713 0.23314065510597304 0.22692307692307692 0.2254335260115607 0.258252427184466 0.24091778202676864 0.23754789272030652 0.2514395393474088 0.2456813819577735 0.25862068965517243 0.23754789272030652 0.2399232245681382 0.21839080459770116 0.2399232245681382 0.26577437858508607 0.25763358778625955 0.2413793103448276 0.23224568138195778 0.2519230769230769 0.2658959537572254 0.2380038387715931 0.21497120921305182 0.2495164410058027 0.2380038387715931 0.22796934865900384 0.24665391969407266 0.21305182341650672 0.21346153846153845 0.23473282442748092 0.22030651340996169 0.2456813819577735 0.27915869980879543 0.2524084778420039 0.22562141491395793 0.24615384615384617 0.23416506717850288 0.2403846153846154 0.24329501915708812 0.2173076923076923 0.21606118546845124 0.2399232245681382 0.25862068965517243 0.22840690978886757 0.2418426103646833 0.25287356321839083 0.22840690978886757 0.2476007677543186 0.2379110251450677 0.23709369024856597 0.22884615384615384 0.2763915547024952 0.22648752399232247 0.25769230769230766 0.2456813819577735 0.24423076923076922 0.24329501915708812 0.2629558541266795 0.22884615384615384 0.2403846153846154 0.26103646833013433 0.236084452975048 0.1988527724665392 0.2495201535508637 0.2821497120921305 0.24423076923076922 0.20881226053639848 0.225 0.22264875239923224 0.23892100192678228 0.21235521235521235 0.2260536398467433 0.2423076923076923 0.2034548944337812 0.24236641221374045 0.23121387283236994 0.2350674373795761 0.2072936660268714 0.22753346080305928 0.22030651340996169 0.2509578544061303 0.22030651340996169 0.23461538461538461 0.23846153846153847 0.22753346080305928 0.19540229885057472 0.2423076923076923 0.25287356321839083 0.2476007677543186 0.26204238921001927 0.27115384615384613 0.24904214559386972 0.26436781609195403 0.23653846153846153 0.225 0.23699421965317918 0.2418426103646833 0.23653846153846153 0.24282982791587 0.23461538461538461 0.2418426103646833 0.2533589251439539 0.2260536398467433 0.2076923076923077 0.23371647509578544 0.236084452975048 0.2456813819577735 0.25287356321839083 0.23032629558541268 0.23371647509578544 0.23563218390804597 0.25239005736137665 0.26396917148362237 0.2332695984703633 0.2591170825335892 0.2413127413127413 0.2662835249042146 0.27115384615384613 0.25287356321839083 0.2390057361376673 0.21705426356589147 0.1988527724665392 0.2678227360308285
Largest average queue size: 0.29310344827586204

Finishing times (Last Client arrival is at or before 510 mins):
521 523 521 521 519 521 521 518 520 522 521 521 523 521 522 519 520 521 520 522 521 520 517 520 521 521 521 522 522 521 519 522 520 521 522 520 520 518 524 522 521 520 522 520 521 521 521 519 519 518 519 522 522 522 520 522 520 519 521 522 521 522 519 522 519 521 523 521 522 520 524 521 521 521 521 523 519 521 520 521 521 521 521 521 519 519 523 522 522 523 521 521 521 520 521 522 522 519 521 522 519 520 521 522 522 520 522 522 519 519 521 521 521 519 521 521 521 523 522 521 520 521 520 520 521 520 520 523 521 519 520 519 515 523 522 521 521 522 522 521 522 521 523 524 522 521 520 519 521 521 517 521 522 523 521 520 524 522 521 523 519 523 520 521 520 522 520 523 521 522 521 521 522 521 521 517 523 520 521 521 520 521 520 522 521 520 520 521 521 523 521 521 520 522 520 521 519 518 522 520 521 524 519 519 521 523 522 522 522 520 520 523 522 520 522 521 519 520 522 522 520 520 519 521 520 523 520 521 521 522 520 522 521 521 522 521 522 522 523 519 523 521 518 522 520 522 523 516 523 519
Latest finishing time: 524
Median:	521
