PARAMS:
Length of simulation (mins): 510
Arrival rate (lambda): 6.0
Service rate (mu): 3.0
Number of servers: 2
Traffic Intensity (assuming no special clients): 1.0
Vars are Exponentially Distributed.
There are no special clients.
Number of Simulations 250
========================================

Average waiting times (Client):
1.28 1.68 1.76 4.48 2.62 3.12 2.04 3.04 3.5 1.86 1.94 3.54 3.74 2.2 3.36 2.94 1.56 4.6 2.56 2.9 2.12 2.18 4.48 1.94 1.5 2.0 3.1 1.0 4.18 1.16 1.36 2.84 3.2 2.34 3.28 2.46 2.5 2.42 2.4 4.62 2.74 2.1 2.44 2.04 2.66 1.08 2.78 2.26 2.7 3.68 0.88 4.02 4.2 2.42 4.54 3.12 1.16 4.96 3.46 1.52 2.12 2.22 3.14 1.12 3.36 1.86 1.84 4.26 2.08 3.16 2.12 3.14 2.28 3.86 1.66 1.48 1.56 2.08 4.6 2.2 1.48 1.8 2.18 1.86 1.12 3.26 2.64 1.38 4.1 3.0 4.52 2.92 1.92 3.42 2.48 2.4 1.64 1.8 2.04 1.68 2.88 2.86 1.4 2.52 0.78 2.68 2.72 3.34 3.32 2.72 3.78 1.6 2.56 2.52 2.4 2.1 2.0 1.7 3.36 1.92 1.56 2.48 2.16 2.9 2.2 3.0 1.58 1.86 1.88 2.32 2.56 2.56 2.52 1.44 1.78 3.82 2.12 2.22 1.32 1.98 2.18 1.7 1.84 2.48 3.04 3.16 2.34 2.56 1.72 3.16 1.44 1.76 1.66 2.3 2.48 1.66 2.0 1.28 2.64 2.7 1.48 2.46 2.04 4.74 2.02 2.28 2.44 2.24 2.32 3.92 4.18 2.56 2.96 1.56 2.48 1.22 2.78 3.82 3.08 2.04 1.34 4.18 1.82 5.4 1.32 1.34 1.78 2.46 1.42 3.04 2.82 2.6 1.94 3.0 2.98 3.8 2.26 2.98 2.08 2.08 1.24 2.8 2.76 1.46 2.92 1.5 1.44 2.0 2.2 2.1 2.14 2.1 4.4 1.14 1.88 2.22 2.72 3.5 3.34 3.38 1.42 3.42 4.72 2.28 2.08 1.34 2.8 2.24 2.16 3.96 3.66 3.06 2.32 3.06 4.48 1.8 2.48 2.28 2.46 2.36 3.22 3.12 1.56 3.1 1.34 2.28 3.0 2.62 3.32 2.3
Longest average waiting time client: 5.4
Mean: 2.5064

Average time spent in system:
21.14 21.72 21.66 24.52 22.72 23.28 22.02 23.18 23.54 21.72 21.98 23.62 23.86 22.12 23.5 23.0 21.46 24.66 22.48 23.0 21.98 22.08 24.54 22.0 21.34 21.86 23.04 20.8 24.34 21.02 21.28 22.68 23.26 22.34 23.4 22.46 22.6 22.48 22.48 24.86 22.82 22.1 22.42 21.94 22.64 20.86 22.76 22.22 22.86 23.8 20.64 24.1 24.44 22.44 24.7 23.28 21.14 25.1 23.5 21.46 22.08 22.12 23.2 20.88 23.44 21.76 21.86 24.42 22.1 23.22 22.12 23.18 22.26 24.02 21.58 21.42 21.48 22.02 24.78 22.22 21.34 21.76 22.24 21.8 21.06 23.34 22.4 21.36 24.3 23.0 24.7 22.98 21.94 23.58 22.46 22.36 21.58 21.68 22.02 21.58 22.92 22.82 21.28 22.62 20.6 22.72 22.74 23.52 23.44 22.72 23.86 21.46 22.56 22.58 22.24 22.16 21.98 21.54 23.44 21.76 21.4 22.54 22.22 22.9 22.18 23.0 21.52 21.9 21.86 22.3 22.6 22.64 22.56 21.32 21.64 23.96 22.18 22.2 21.22 21.88 22.22 21.66 21.84 22.58 23.16 23.32 22.42 22.56 21.56 23.3 21.38 21.74 21.48 22.24 22.54 21.56 21.88 21.14 22.68 22.7 21.54 22.6 22.1 24.74 21.94 22.34 22.38 22.24 22.28 24.0 24.28 22.5 22.88 21.5 22.42 21.14 22.68 23.88 23.06 22.06 21.18 24.34 21.68 25.68 21.04 21.18 21.82 22.6 21.28 23.04 22.74 22.64 21.94 23.06 23.02 23.68 22.24 23.0 22.14 22.06 20.94 22.84 22.76 21.42 22.96 21.42 21.28 22.08 22.14 22.14 22.16 22.16 24.6 21.02 21.9 22.34 22.78 23.5 23.36 23.4 21.32 23.52 24.88 22.1 22.1 21.2 22.78 22.34 22.06 24.1 23.66 22.98 22.3 23.04 24.52 21.62 22.44 22.14 22.38 22.4 23.14 23.14 21.48 23.18 21.38 22.22 23.1 22.64 23.5 22.26
Longest average time spent in system: 25.68
Mean:	22.50344

Maximum waiting times (Client):
3 11 6 11 7 7 7 9 8 6 6 8 13 6 11 9 5 11 10 8 7 5 11 7 5 8 8 4 9 4 5 8 6 8 10 8 7 8 9 12 6 6 8 5 7 4 6 6 7 9 4 9 11 11 12 10 4 10 7 5 5 6 12 4 10 5 7 12 6 7 7 8 5 9 6 4 5 7 10 6 5 9 9 5 4 10 6 5 14 9 10 9 8 10 9 7 9 6 9 4 8 8 4 7 4 11 8 14 8 7 10 5 6 7 7 8 7 5 9 8 6 8 6 8 5 6 6 6 7 6 5 10 7 6 6 11 8 8 7 7 9 5 6 7 8 9 7 6 6 6 6 6 5 8 9 6 7 5 7 7 6 7 7 11 6 7 8 5 7 9 14 7 9 5 7 4 7 10 9 5 6 9 5 14 4 8 8 6 6 8 6 6 7 11 8 10 6 7 7 5 6 6 7 5 8 4 5 10 6 5 5 6 10 4 6 7 7 8 7 9 4 10 12 6 6 5 10 7 6 10 11 9 5 7 10 5 6 6 7 7 11 12 5 11 8 6 8 8 8 6
Overall largest waiting time (Client): 14

Maximum time spent in system:
23 31 25 32 27 27 27 29 29 26 26 28 33 26 32 28 24 31 29 28 27 26 31 27 24 28 27 24 30 24 26 28 26 27 30 28 27 27 29 33 26 26 27 25 27 24 26 26 27 29 24 29 32 30 31 30 24 30 27 26 25 26 32 24 30 25 28 32 27 27 27 28 25 29 26 24 25 27 30 25 25 29 29 26 24 30 26 26 33 29 31 29 27 30 29 27 30 26 29 25 29 28 24 27 24 31 29 33 29 27 30 26 29 28 27 28 27 25 28 28 26 28 26 28 25 26 26 26 27 26 25 31 27 26 26 31 28 25 28 25 29 25 25 27 28 29 27 27 26 27 26 28 25 28 28 26 27 25 27 27 26 27 27 31 26 27 28 25 28 30 34 27 29 25 28 24 26 30 29 25 26 29 26 34 24 28 28 26 26 28 26 26 27 31 29 29 26 28 27 26 26 25 27 27 28 25 25 30 26 25 25 26 30 24 25 28 28 28 27 29 24 30 31 26 27 24 30 28 25 30 31 29 25 27 31 25 26 26 27 28 29 32 25 32 28 26 28 29 28 27
Overall largest time spent in system (Client): 34

Time spent serving Clients (mins):
499 494 502 500 497 498 506 496 504 501 503 505 499 500 507 500 502 500 501 492 499 503 503 501 509 497 500 496 496 511 502 501 500 495 503 500 494 502 504 501 500 493 492 503 503 500 502 501 493 499 495 498 499 498 493 497 508 500 496 497 498 498 499 493 501 502 502 498 500 506 506 494 502 503 503 500 501 503 509 503 505 499 499 501 497 502 497 498 501 498 490 499 502 497 503 495 505 503 504 502 496 492 502 502 507 505 499 502 505 503 503 505 501 498 506 501 502 500 502 495 500 498 498 497 498 505 496 492 504 500 495 500 502 499 508 500 499 502 501 502 498 502 503 499 499 500 507 501 498 498 501 496 494 502 497 500 502 507 501 500 497 496 499 499 497 506 497 500 496 501 502 502 493 495 498 501 511 499 507 493 505 504 503 500 502 499 500 508 505 494 500 498 500 497 498 496 504 495 497 498 503 499 494 504 496 498 500 505 500 491 502 500 498 503 500 509 502 504 501 499 500 504 495 498 498 502 499 504 498 494 499 504 500 499 496 496 501 503 491 501 495 497 499 504 506 497 500 500 502 497 499 501 497 500 502 500 504 495 502 497 500 502 505 499 502 500 495 499 497 496 501 506 503 500 499 500 498 497 497 498 505 497 499 499 501 499 504 501 500 506 503 505 499 505 500 500 497 495 502 505 496 501 503 496 494 497 494 503 504 499 497 498 499 495 496 497 500 502 497 503 505 498 501 506 499 504 504 496 496 500 502 501 502 495 502 498 506 492 498 506 496 509 501 496 492 504 500 497 502 495 500 496 496 499 499 504 503 496 499 502 499 493 505 503 500 493 504 510 498 488 492 500 501 501 503 504 499 494 502 498 497 499 500 502 504 496 498 505 499 503 504 490 502 497 500 501 503 500 497 502 496 489 499 503 503 497 494 504 497 505 497 499 495 497 504 500 495 502 503 499 500 501 502 501 507 503 495 499 502 499 501 505 499 504 499 501 502 499 502 499 500 495 498 507 501 507 495 496 499 502 497 496 496 503 502 503 498 497 505 502 495 505 496 500 500 499 501 498 504 498 495 496 498 500 499 494 499 497 503 499 493 503 506 495 497 499 509 495 502 500 496 501 505 500 501 500 505 504 502 496
Most time spent serving Clients: 511
Mean:	499.926
Median:	500
Mode:	500

Time spent idle (Server, mins):
29 34 26 28 32 31 23 33 25 28 29 27 29 28 24 31 26 28 25 34 33 29 28 30 17 29 27 31 41 26 27 28 28 33 27 30 38 30 23 26 28 35 38 27 31 34 26 27 37 31 35 32 30 31 35 31 22 30 28 27 33 33 31 37 30 29 26 30 36 30 20 32 28 27 26 29 29 27 20 26 23 29 30 28 33 28 30 29 28 31 38 29 26 31 22 30 25 27 27 29 31 35 30 30 27 29 29 26 30 32 30 28 25 28 23 28 28 30 26 33 29 31 29 30 35 28 32 36 25 29 35 30 27 30 24 32 32 29 28 27 33 29 25 29 29 28 22 28 29 29 26 31 35 27 31 28 33 28 29 30 27 28 30 30 36 27 32 29 31 26 28 28 33 31 33 30 17 29 19 33 28 29 27 30 25 28 35 27 22 33 28 30 29 32 30 32 23 32 29 28 25 29 38 28 34 32 31 26 26 35 26 28 33 28 35 26 28 26 31 33 33 29 33 30 32 28 32 27 31 35 31 26 30 31 33 33 30 28 42 32 33 31 34 29 22 31 30 30 25 30 29 27 33 30 25 27 22 31 27 32 31 29 24 30 29 31 36 32 32 33 35 30 29 32 29 28 33 34 31 30 22 30 29 29 28 30 25 28 33 27 28 26 33 27 29 29 31 33 28 25 33 28 25 32 34 31 39 30 24 29 32 31 29 33 31 30 31 29 35 29 23 30 32 27 32 27 25 33 30 26 29 30 24 31 26 30 23 37 36 28 40 27 30 35 42 30 25 28 26 33 30 34 33 30 33 28 25 32 31 28 27 33 25 27 30 37 34 28 27 37 39 31 32 32 28 27 29 34 27 31 31 29 30 28 24 32 38 31 32 28 23 37 27 32 29 28 26 29 36 31 31 38 32 28 25 31 37 27 36 28 33 31 34 32 26 30 35 28 28 32 31 30 28 29 28 32 33 29 29 32 32 28 32 27 31 29 27 30 26 29 28 33 38 29 33 27 34 33 32 29 32 33 35 28 28 27 27 28 24 27 38 28 33 29 27 28 28 31 23 29 34 33 29 27 25 30 29 31 27 31 40 30 22 33 31 29 18 32 26 28 34 29 26 31 30 31 25 26 29 35
Longest time spent idle (Server): 42
Mean:	29.682
Median:	29
Mode:	28

Average system size (num active customers):
3.977272727272727 4.049242424242424 4.022684310018904 4.306238185255198 4.141776937618148 4.176691729323308 4.071969696969697 4.173258003766478 4.221590909090909 4.047528517110266 4.043233082706767 4.209039548022599 4.275665399239544 4.083491461100569 4.156424581005586 4.164461247637051 4.011363636363637 4.313207547169811 4.078947368421052 4.184060721062618 4.056818181818182 4.054716981132075 4.269662921348314 4.077651515151516 3.979245283018868 4.030188679245283 4.156899810964084 3.9393939393939394 4.2924528301886795 3.99618320610687 3.9736346516007535 4.1056603773584905 4.173258003766478 4.104166666666667 4.152985074626866 4.1311787072243344 4.122641509433962 4.11531190926276 4.109433962264151 4.357277882797732 4.15719696969697 4.073724007561436 4.09433962264151 4.064516129032258 4.122873345935727 3.9431818181818183 4.142045454545454 4.112380952380953 4.152830188679245 4.2297551789077215 3.9278937381404173 4.246240601503759 4.277153558052435 4.115530303030303 4.285981308411215 4.168855534709193 4.003802281368821 4.370510396975425 4.2018867924528305 4.015151515151516 4.0680529300567105 4.0815939278937385 4.151969981238274 3.9431818181818183 4.207939508506616 4.024528301886792 4.052930056710775 4.283834586466165 4.060263653483992 4.185255198487713 4.060263653483992 4.1875 4.09469696969697 4.270321361058601 4.032258064516129 4.018975332068311 4.007561436672968 4.068181818181818 4.295327102803738 4.079245283018868 4.026717557251908 4.03780718336484 4.061913696060038 4.039697542533081 3.984819734345351 4.190566037735849 4.102661596958175 3.9868173258003767 4.308712121212121 4.182509505703422 4.303939962476548 4.154716981132076 4.075901328273245 4.181308411214953 4.121442125237191 4.1022727272727275 4.018903591682419 4.03030303030303 4.079696394686907 4.038022813688213 4.162878787878788 4.114661654135339 3.9773584905660377 4.116760828625235 3.9372623574144487 4.143939393939394 4.120527306967985 4.177570093457944 4.203773584905661 4.109022556390977 4.215759849906191 4.007575757575758 4.109433962264151 4.109227871939736 4.071833648393195 4.077358490566038 4.052830188679246 4.005671077504726 4.192090395480226 3.99624765478424 4.0 4.090056285178236 4.098484848484849 4.1415094339622645 4.094876660341556 4.166666666666667 4.005660377358491 4.074003795066414 4.072243346007604 4.090737240075614 4.109227871939736 4.1323251417769375 4.105461393596987 3.9736346516007535 4.017013232514178 4.207089552238806 4.06390977443609 4.089015151515151 3.9661016949152543 4.051136363636363 4.104364326375712 4.035984848484849 4.049149338374291 4.128544423440454 4.153846153846154 4.188323917137477 4.088345864661654 4.117202268431002 4.015151515151516 4.192452830188679 4.0 4.045454545454546 4.005681818181818 4.050656660412758 4.128787878787879 4.013232514177694 4.049242424242424 3.984819734345351 4.116760828625235 4.107142857142857 4.034090909090909 4.103189493433396 4.064030131826742 4.323251417769376 4.074144486692015 4.086629001883239 4.11787072243346 4.09469696969697 4.086956521739131 4.2209737827715355 4.233208955223881 4.090395480225989 4.101123595505618 4.041904761904762 4.106060606060606 3.9679245283018867 4.119092627599244 4.223684210526316 4.170454545454546 4.064150943396227 3.994296577946768 4.2924528301886795 4.013207547169811 4.364312267657993 3.9771428571428573 3.9566854990583806 4.0206378986866795 4.11864406779661 3.990530303030303 4.162570888468809 4.134469696969697 4.120754716981132 4.066287878787879 4.115671641791045 4.148775894538606 4.227703984819734 4.085066162570889 4.160680529300567 4.083175803402646 4.037523452157599 3.950664136622391 4.131826741996234 4.143939393939394 3.9905838041431263 4.127579737335835 3.9943396226415095 3.98109640831758 4.071698113207547 4.064150943396227 4.065913370998117 4.065913370998117 4.077358490566038 4.280373831775701 3.9678030303030303 4.041431261770245 4.076923076923077 4.1280602636534836 4.19811320754717 4.194706994328922 4.206439393939394 3.9981060606060606 4.162313432835821 4.310861423220974 4.056710775047259 4.060263653483992 3.9754253308128544 4.120527306967985 4.09811320754717 4.091428571428572 4.2759924385633274 4.189493433395873 4.149338374291116 4.106261859582543 4.160680529300567 4.32258064516129 4.0113421550094515 4.117647058823529 4.103053435114504 4.100378787878788 4.09811320754717 4.133208255159475 4.181818181818182 4.015151515151516 4.1992409867172675 4.017045454545454 4.071698113207547 4.16195856873823 4.111111111111111 4.215094339622642 4.069679849340866
Largest average system size: 4.370510396975425

Average queue size:
0.2159090909090909 0.2537878787878788 0.2608695652173913 0.5179584120982986 0.34215500945179583 0.38721804511278196 0.2878787878787879 0.3804143126177024 0.42613636363636365 0.2718631178707224 0.27631578947368424 0.4274952919020716 0.4505703422053232 0.3036053130929791 0.4059590316573557 0.3724007561436673 0.24242424242424243 0.5283018867924528 0.33458646616541354 0.3700189753320683 0.29545454545454547 0.3 0.5131086142322098 0.2784090909090909 0.2358490566037736 0.2830188679245283 0.387523629489603 0.1893939393939394 0.48867924528301887 0.20610687022900764 0.2222222222222222 0.3622641509433962 0.3954802259887006 0.3162878787878788 0.39925373134328357 0.3288973384030418 0.330188679245283 0.32325141776937616 0.32075471698113206 0.5311909262759924 0.3541666666666667 0.29300567107750475 0.32452830188679244 0.2884250474383302 0.34593572778827975 0.19696969696969696 0.35795454545454547 0.31047619047619046 0.3490566037735849 0.4406779661016949 0.17836812144212524 0.4718045112781955 0.4868913857677903 0.32386363636363635 0.5177570093457944 0.38649155722326456 0.20532319391634982 0.5633270321361059 0.4207547169811321 0.23863636363636365 0.2948960302457467 0.3055028462998102 0.3883677298311445 0.20075757575757575 0.4120982986767486 0.269811320754717 0.2684310018903592 0.4943609022556391 0.2900188323917137 0.3931947069943289 0.2937853107344633 0.39204545454545453 0.3106060606060606 0.45935727788279773 0.2523719165085389 0.23529411764705882 0.24196597353497165 0.2916666666666667 0.5233644859813084 0.3018867924528302 0.2366412213740458 0.2646502835538752 0.29831144465290804 0.27032136105860116 0.20113851992409867 0.4018867924528302 0.34600760456273766 0.224105461393597 0.48295454545454547 0.38022813688212925 0.5178236397748592 0.36981132075471695 0.27703984819734345 0.4130841121495327 0.3301707779886148 0.32196969696969696 0.2495274102079395 0.26515151515151514 0.2884250474383302 0.25475285171102663 0.36742424242424243 0.36278195488721804 0.22641509433962265 0.3314500941619586 0.16920152091254753 0.3484848484848485 0.3502824858757062 0.405607476635514 0.4075471698113208 0.34962406015037595 0.44840525328330205 0.24621212121212122 0.33584905660377357 0.3314500941619586 0.32136105860113423 0.29245283018867924 0.2830188679245283 0.2551984877126654 0.4105461393596987 0.27392120075046905 0.24242424242424243 0.32645403377110693 0.29924242424242425 0.36792452830188677 0.3036053130929791 0.3787878787878788 0.24339622641509434 0.2713472485768501 0.2737642585551331 0.31379962192816635 0.3352165725047081 0.33648393194706994 0.3314500941619586 0.2297551789077213 0.2627599243856333 0.4496268656716418 0.2932330827067669 0.30492424242424243 0.2184557438794727 0.2821969696969697 0.301707779886148 0.2556818181818182 0.2684310018903592 0.32892249527410206 0.3789868667917448 0.391713747645951 0.31390977443609025 0.33648393194706994 0.25757575757575757 0.39245283018867927 0.23062381852551986 0.26136363636363635 0.2518939393939394 0.30956848030018763 0.32954545454545453 0.2514177693761815 0.2840909090909091 0.21631878557874762 0.3427495291902072 0.34774436090225563 0.23484848484848486 0.324577861163227 0.2862523540489642 0.5425330812854442 0.2870722433460076 0.3088512241054614 0.3269961977186312 0.3068181818181818 0.31379962192816635 0.4606741573033708 0.4832089552238806 0.3352165725047081 0.3707865168539326 0.2438095238095238 0.32954545454545453 0.20943396226415095 0.3572778827977316 0.45300751879699247 0.38636363636363635 0.28679245283018867 0.2224334600760456 0.48867924528301887 0.2660377358490566 0.5947955390334573 0.22095238095238096 0.22033898305084745 0.2607879924953096 0.3258003766478343 0.22916666666666666 0.3818525519848771 0.36174242424242425 0.33962264150943394 0.2784090909090909 0.373134328358209 0.3747645951035782 0.45540796963946867 0.30812854442344045 0.3761814744801512 0.29111531190926276 0.28893058161350843 0.2125237191650854 0.3578154425612053 0.3560606060606061 0.23163841807909605 0.3677298311444653 0.2358490566037736 0.23062381852551986 0.2830188679245283 0.3018867924528302 0.2919020715630885 0.295668549905838 0.29245283018867924 0.5046728971962616 0.20265151515151514 0.2711864406779661 0.30206378986866794 0.3502824858757062 0.42452830188679247 0.4102079395085066 0.4147727272727273 0.22916666666666666 0.4123134328358209 0.5355805243445693 0.31001890359168244 0.2900188323917137 0.22117202268431002 0.3578154425612053 0.30566037735849055 0.30095238095238097 0.46880907372400754 0.4371482176360225 0.3837429111531191 0.31499051233396586 0.3837429111531191 0.5199240986717267 0.2646502835538752 0.3301707779886148 0.31297709923664124 0.32765151515151514 0.3169811320754717 0.39587242026266417 0.39015151515151514 0.24242424242424243 0.3889943074003795 0.2215909090909091 0.30943396226415093 0.3766478342749529 0.3408662900188324 0.4075471698113208 0.3107344632768362
Largest average queue size: 0.5947955390334573

Finishing times (Last Client arrival is at or before 510 mins):
528 528 529 529 529 532 528 531 528 526 532 531 526 527 537 529 528 530 532 527 528 530 534 528 530 530 529 528 530 524 531 530 531 528 536 526 530 529 530 529 528 529 530 527 529 528 528 525 530 531 527 532 534 528 535 533 526 529 530 528 529 527 533 528 529 530 529 532 531 529 531 528 528 529 527 527 529 528 535 530 524 529 533 529 527 530 526 531 528 526 533 530 527 535 527 528 529 528 527 526 528 532 530 531 526 528 531 535 530 532 533 528 530 531 529 530 530 529 531 533 528 533 528 530 527 528 530 527 526 529 531 529 531 531 529 536 532 528 531 528 527 528 529 529 533 531 532 529 528 530 529 528 528 533 528 529 528 527 531 532 528 533 531 529 526 531 526 528 529 534 536 531 534 525 528 530 529 532 528 530 526 530 530 538 525 531 533 531 528 529 528 530 528 536 531 527 529 529 529 533 527 531 528 531 533 530 529 530 530 531 531 530 535 528 531 533 531 530 529 528 528 536 534 529 531 529 531 530 525 529 533 529 527 529 527 529 527 524 528 530 533 528 528 527 528 530 531 531 530 531
Latest finishing time: 538
Median: 529
