PARAMS:
Length of simulation (mins): 510
Arrival rate (lambda): 6.0
Service rate (mu): 6.0
Number of servers: 1
Traffic Intensity (assuming no special clients): 1.0
Vars are Exponentially Distributed.
There are no special clients.
Number of Simulations 250
========================================

Average waiting times (Client):
4.1 3.6 3.18 1.9 5.5 4.4 1.78 4.82 2.46 2.76 5.56 7.32 2.22 2.34 4.44 8.14 3.92 3.16 5.02 2.08 6.66 2.6 3.76 2.66 1.76 2.32 5.2 1.98 3.24 3.0 1.84 2.86 2.78 6.48 3.7 2.46 4.96 1.52 2.38 8.08 2.7 2.44 2.38 2.0 1.98 4.2 6.72 3.04 6.04 4.04 1.3 2.36 7.58 1.14 2.38 5.78 5.38 5.6 1.22 2.58 1.76 2.78 1.74 1.34 3.6 2.36 2.66 4.06 4.62 4.66 2.3 3.76 2.88 4.18 4.06 5.64 2.64 2.8 1.58 1.26 2.4 4.74 2.94 1.18 4.18 2.38 2.92 7.92 2.24 4.7 3.74 4.5 4.5 4.56 3.2 1.94 3.46 3.0 4.72 6.36 3.26 4.34 2.9 4.06 6.54 2.92 4.4 2.46 2.92 6.12 3.38 2.9 1.28 3.9 5.92 3.62 1.6 1.6 2.84 6.82 2.38 3.42 2.88 2.06 2.46 2.14 3.62 1.2 5.38 6.26 3.4 3.86 4.14 2.4 2.0 2.16 6.04 1.96 8.32 5.44 2.08 2.28 6.86 2.34 3.22 2.44 1.38 1.28 0.86 2.96 3.02 1.92 3.98 2.72 2.56 3.32 2.38 5.26 3.16 3.72 3.6 2.96 5.2 1.74 2.26 2.46 2.86 0.98 1.86 2.98 2.18 8.24 1.56 3.68 3.44 4.74 2.34 5.5 1.16 5.0 2.86 1.82 2.98 3.08 2.86 5.18 2.38 4.3 1.62 5.52 2.32 3.78 1.44 4.5 2.7 3.12 1.58 3.74 1.74 6.64 2.7 1.98 1.84 4.28 1.88 2.28 4.58 4.2 3.4 3.1 1.72 1.7 4.12 2.9 2.76 3.3 1.94 2.1 2.98 2.04 2.56 4.96 5.36 4.72 6.02 2.4 2.52 2.64 2.92 1.18 2.16 2.14 3.78 3.82 2.12 3.3 4.92 2.08 1.84 1.16 1.38 1.96 3.96 6.36 4.16 4.68 4.0 5.48 3.04 2.44
Longest average waiting time client: 8.32
Mean: 3.37544

Average time spent in system:
14.14 13.64 13.18 11.84 15.64 14.48 11.66 14.82 12.4 12.74 15.64 17.54 11.98 12.36 14.34 18.28 14.02 13.14 15.08 11.98 16.74 12.52 13.84 12.66 11.72 12.26 15.3 11.94 13.18 12.88 11.74 12.94 12.76 16.62 13.62 12.22 15.02 11.34 12.38 18.24 12.66 12.34 12.38 11.98 11.96 14.2 16.96 13.04 16.18 14.08 11.12 12.36 17.74 10.98 12.28 15.92 15.54 15.7 11.12 12.58 11.72 12.8 11.68 11.3 13.7 12.42 12.6 14.06 14.62 14.7 12.24 13.62 12.84 14.16 14.04 15.84 12.66 12.72 11.44 11.1 12.34 14.96 12.86 11.14 14.16 12.24 12.96 18.18 12.16 14.86 13.78 14.48 14.52 14.68 13.14 11.92 13.44 13.02 14.58 16.36 13.26 14.4 12.92 14.06 16.72 12.9 14.48 12.44 12.88 16.16 13.42 12.94 11.2 13.9 15.92 13.6 11.52 11.46 12.9 17.0 12.24 13.46 12.7 12.0 12.4 12.02 13.54 11.14 15.46 16.4 13.52 13.96 14.26 12.32 11.92 12.2 16.14 11.76 18.52 15.56 11.96 12.18 17.14 12.24 13.18 12.42 11.34 11.1 10.54 13.08 13.04 11.8 14.02 12.6 12.48 13.32 12.4 15.28 13.16 13.72 13.46 12.92 15.2 11.68 12.16 12.42 12.84 10.78 11.82 12.82 12.12 18.44 11.54 13.72 13.46 14.8 12.3 15.6 10.9 15.28 12.74 11.8 12.9 12.98 12.84 15.28 12.3 14.3 11.52 15.64 12.34 13.88 11.3 14.6 12.64 13.18 11.46 13.76 11.68 16.84 12.7 12.0 11.82 14.34 11.84 12.2 14.48 14.3 13.52 13.22 11.7 11.54 14.24 12.82 12.68 13.38 11.84 12.12 13.02 12.06 12.46 15.08 15.34 14.74 16.3 12.38 12.5 12.6 12.96 11.0 12.18 11.94 13.9 13.9 12.08 13.4 15.0 11.92 11.88 10.92 11.26 11.9 14.0 16.64 14.32 14.82 14.04 15.62 13.04 12.52
Longest average time spent in system: 18.52
Mean:	13.37312

Maximum waiting times (Client):
8 12 8 11 13 8 5 8 8 7 11 16 8 8 10 13 7 8 10 6 13 8 8 7 6 6 9 5 7 7 7 6 5 11 9 6 14 5 7 14 8 7 6 6 5 10 14 7 14 9 5 7 16 5 6 14 13 12 5 10 6 7 5 4 7 6 7 9 8 11 10 8 7 8 14 10 6 7 4 5 6 13 9 6 10 7 7 15 7 10 8 9 9 11 7 7 8 7 9 12 7 10 9 9 13 8 10 6 7 11 8 7 5 8 10 9 4 6 9 14 5 9 8 7 6 7 9 5 11 12 10 8 11 6 5 9 12 7 14 11 6 6 16 8 7 7 5 4 3 7 8 5 10 8 6 7 6 11 7 9 11 7 13 5 6 8 7 5 6 8 5 15 7 9 9 10 6 10 5 17 8 9 8 9 9 9 7 10 6 11 7 9 4 10 7 7 5 10 5 13 7 5 6 10 6 6 11 8 9 7 5 7 10 7 10 9 8 6 7 7 6 9 9 10 15 7 7 8 5 5 7 6 12 11 8 7 11 6 6 5 5 7 10 15 16 9 8 12 9 7
Overall largest waiting time (Client): 17

Maximum time spent in system:
18 22 17 21 22 18 15 19 18 17 21 26 18 18 19 23 16 18 19 15 23 18 18 17 16 16 18 15 17 17 17 16 15 22 19 17 24 15 17 23 17 16 16 17 15 20 25 18 24 19 15 17 26 16 16 25 22 22 15 20 17 17 14 14 17 16 17 19 18 21 20 17 16 19 24 20 16 18 14 15 16 23 19 16 19 16 17 25 17 22 18 19 19 21 17 17 18 17 19 22 17 20 18 20 22 18 20 16 17 21 17 17 15 18 20 19 14 16 19 25 15 19 18 18 17 17 19 15 21 23 20 18 21 16 15 19 22 17 24 21 16 16 25 18 16 17 15 14 14 17 18 16 19 18 16 17 16 21 16 18 19 17 23 15 16 17 17 14 16 19 14 25 16 19 19 20 16 20 15 27 18 19 18 19 19 20 16 20 15 22 17 20 14 20 16 17 15 20 16 23 17 15 17 20 16 16 21 18 20 17 16 17 20 17 20 19 18 16 16 17 16 19 19 19 26 17 16 18 15 15 17 16 22 21 19 17 21 16 16 14 15 17 20 25 26 19 18 23 19 17
Overall largest time spent in system (Client): 27

Time spent serving Clients (mins):
502 502 500 497 507 504 494 500 497 499 504 511 488 501 495 507 505 499 503 495 504 496 504 500 498 497 505 498 497 494 495 504 499 507 496 488 503 491 500 508 498 495 500 499 499 500 512 500 507 502 491 500 508 492 495 507 508 505 495 500 498 501 497 498 505 503 497 500 500 502 497 493 498 499 499 510 501 496 493 492 497 511 496 498 499 493 502 513 496 508 502 499 501 506 497 499 499 501 493 500 500 503 501 500 509 499 504 499 498 502 502 502 496 500 500 499 496 493 503 509 493 502 491 497 497 494 496 497 504 507 506 505 506 496 496 502 505 490 510 506 494 495 514 495 498 499 498 491 484 506 501 494 502 494 496 500 501 501 500 500 493 498 500 497 495 498 499 490 498 492 497 510 499 502 501 503 498 505 487 514 494 499 496 495 499 505 496 500 495 506 501 505 493 505 497 503 494 501 497 510 500 501 499 503 498 496 495 505 506 506 499 492 506 496 496 504 495 501 502 501 495 506 499 501 514 499 499 498 502 491 501 490 506 504 498 505 504 492 502 488 494 497 502 514 508 507 502 507 500 504
Most time spent serving Clients: 514
Mean:	499.884
Median:	500
Mode:	499

Time spent idle (Server, mins):
17 22 19 22 17 18 22 22 19 18 19 18 31 19 27 17 17 17 19 23 20 26 19 21 22 22 17 21 20 22 27 18 19 17 20 30 21 29 19 17 20 23 20 22 22 25 18 20 20 21 25 18 22 27 24 22 17 18 23 22 21 21 23 21 17 17 22 17 16 18 29 27 20 24 30 16 19 24 24 26 21 18 24 19 23 24 18 18 22 20 22 23 22 16 18 22 20 20 25 26 19 18 20 25 16 21 18 19 22 21 20 18 21 20 22 18 19 25 19 18 25 18 30 21 22 23 22 24 19 17 18 18 18 24 23 23 17 28 16 21 21 24 17 21 21 21 20 27 32 16 17 25 20 24 21 20 19 20 19 23 25 21 18 21 23 18 20 28 23 25 18 17 22 20 19 19 22 20 29 17 24 21 22 30 20 18 25 19 22 19 21 16 23 21 22 17 22 18 21 18 18 18 19 23 20 21 24 16 20 17 22 27 18 22 27 17 24 21 19 18 20 19 20 20 17 23 21 23 19 30 21 24 22 18 20 18 20 24 20 30 25 22 20 16 17 18 16 17 22 17
Longest time spent idle (Server): 32
Mean:	20.96
Median:	20.5
Mode:	18

Average system size (num active customers):
2.4258188824662814 2.354961832061069 2.3294797687861273 2.1946050096339116 2.5553435114503817 2.4482758620689653 2.184108527131783 2.4731800766283527 2.261627906976744 2.2940038684719535 2.554493307839388 2.7183364839319473 2.1907514450867054 2.248076923076923 2.417624521072797 2.8072519083969465 2.4061302681992336 2.3372093023255816 2.503831417624521 2.2084942084942085 2.654580152671756 2.2452107279693485 2.382409177820268 2.27063339731286 2.1807692307692306 2.235067437379576 2.528735632183908 2.2061657032755297 2.332688588007737 2.302325581395349 2.1685823754789273 2.3007662835249043 2.2915057915057915 2.648854961832061 2.377906976744186 2.218146718146718 2.4885496183206106 2.1307692307692307 2.2524084778420037 2.8 2.27992277992278 2.2432432432432434 2.248076923076923 2.203454894433781 2.201535508637236 2.4 2.660377358490566 2.3115384615384613 2.592030360531309 2.401529636711281 2.125968992248062 2.2548262548262548 2.7264150943396226 2.102119460500963 2.233140655105973 2.55765595463138 2.5428571428571427 2.5621414913957934 2.1254826254826256 2.2586206896551726 2.184971098265896 2.281609195402299 2.175 2.1445086705202314 2.375478927203065 2.2576923076923077 2.2678227360308285 2.4235976789168276 2.4825581395348837 2.475 2.203422053231939 2.353846153846154 2.2972972972972974 2.4034416826003824 2.3648393194706996 2.570342205323194 2.276923076923077 2.273076923076923 2.1566731141199225 2.117760617760618 2.247104247104247 2.4744801512287333 2.2865384615384614 2.137330754352031 2.4080459770114944 2.234042553191489 2.3076923076923075 2.7721280602636535 2.227799227799228 2.4640151515151514 2.368320610687023 2.4386973180076628 2.4416826003824093 2.471264367816092 2.337864077669903 2.197696737044146 2.352601156069364 2.307101727447217 2.4555984555984556 2.6007604562737643 2.3371868978805397 2.4433781190019195 2.2975047984644914 2.3866666666666667 2.657142857142857 2.296153846153846 2.4482758620689653 2.2606177606177607 2.292307692307692 2.6003824091778203 2.342911877394636 2.3057692307692306 2.13926499032882 2.394230769230769 2.578544061302682 2.377176015473888 2.1786407766990292 2.1544401544401546 2.2950191570881224 2.6736242884250476 2.22972972972973 2.355769230769231 2.257197696737044 2.2142857142857144 2.2485549132947975 2.2147001934235977 2.361003861003861 2.1190019193857967 2.537284894837476 2.627862595419847 2.351145038167939 2.395793499043977 2.4217557251908395 2.2346153846153847 2.2003853564547207 2.2133333333333334 2.6091954022988504 2.1776061776061777 2.8250950570342206 2.5313092979127134 2.21747572815534 2.2235067437379574 2.6760828625235407 2.242248062015504 2.325626204238921 2.25 2.1525096525096523 2.115830115830116 2.056201550387597 2.318007662835249 2.3223938223938223 2.184971098265896 2.400383141762452 2.2664092664092665 2.263056092843327 2.3384615384615386 2.251923076923077 2.523992322456814 2.327552986512524 2.363288718929254 2.3474903474903477 2.300578034682081 2.528957528957529 2.1833976833976836 2.2258687258687258 2.2655038759689923 2.2947976878612715 2.083011583011583 2.1861804222648753 2.288201160541586 2.238834951456311 2.812144212523719 2.161228406909789 2.371647509578544 2.353846153846154 2.4770114942528734 2.2365384615384616 2.5428571428571427 2.0968992248062017 2.5009416195856873 2.27992277992278 2.1903846153846156 2.299227799227799 2.2742857142857145 2.2947976878612715 2.521988527724665 2.2284069097888675 2.4373795761079 2.1682785299806575 2.5485714285714285 2.2375478927203063 2.397312859884837 2.147286821705426 2.4429657794676807 2.2716763005780347 2.330769230769231 2.1647286821705425 2.38728323699422 2.1833976833976836 2.6553030303030303 2.287644787644788 2.2177263969171483 2.200772200772201 2.414448669201521 2.200772200772201 2.2359767891682787 2.445086705202312 2.4376199616122842 2.3422053231939164 2.326959847036329 2.1765834932821497 2.1560693641618496 2.4198473282442747 2.2915057915057915 2.2562141491395793 2.347408829174664 2.1907514450867054 2.2164750957854404 2.309021113243762 2.2235067437379574 2.267961165048544 2.4952380952380953 2.535645472061657 2.4721689059500958 2.5969868173258 2.2375478927203063 2.2576923076923077 2.2610364683301345 2.3032629558541267 2.0940499040307103 2.2222222222222223 2.2120622568093387 2.3693181818181817 2.39272030651341 2.223938223938224 2.3422562141491396 2.4885496183206106 2.205426356589147 2.1954022988505746 2.0926640926640925 2.132947976878613 2.2003853564547207 2.3984674329501914 2.6339622641509433 2.4266666666666667 2.4723809523809526 2.4208494208494207 2.553435114503817 2.3026819923371646 2.2648752399232244
Largest average system size: 2.8250950570342206

Average queue size:
0.4913294797687861 0.4389312977099237 0.4026974951830443 0.279383429672447 0.6202290076335878 0.5172413793103449 0.2693798449612403 0.5574712643678161 0.33527131782945735 0.36363636363636365 0.627151051625239 0.7863894139886578 0.31021194605009633 0.3211538461538462 0.5210727969348659 0.8721374045801527 0.47126436781609193 0.40310077519379844 0.5766283524904214 0.2972972972972973 0.7309160305343512 0.3448275862068966 0.45506692160611856 0.3512476007677543 0.2653846153846154 0.3198458574181118 0.5938697318007663 0.28709055876685935 0.41005802707930367 0.3875968992248062 0.2720306513409962 0.36973180076628354 0.36486486486486486 0.7137404580152672 0.45542635658914726 0.333976833976834 0.5687022900763359 0.2423076923076923 0.325626204238921 0.8647619047619047 0.35714285714285715 0.33204633204633205 0.325 0.28790786948176583 0.28598848368522073 0.49523809523809526 0.7283018867924528 0.38846153846153847 0.6679316888045541 0.4818355640535373 0.22286821705426357 0.32432432432432434 0.809433962264151 0.20616570327552985 0.325626204238921 0.6408317580340265 0.6076190476190476 0.6309751434034416 0.21428571428571427 0.342911877394636 0.2658959537572254 0.3620689655172414 0.26346153846153847 0.2254335260115607 0.44061302681992337 0.3230769230769231 0.35260115606936415 0.48936170212765956 0.5445736434108527 0.5442307692307692 0.31368821292775667 0.4576923076923077 0.3745173745173745 0.49521988527724664 0.4782608695652174 0.6311787072243346 0.35 0.36538461538461536 0.2495164410058027 0.21814671814671815 0.3281853281853282 0.5425330812854442 0.37884615384615383 0.21083172147001933 0.49616858237547895 0.32688588007736946 0.3769230769230769 0.839924670433145 0.3127413127413127 0.5397727272727273 0.45229007633587787 0.5268199233716475 0.5258126195028681 0.5325670498084292 0.4077669902912621 0.2821497120921305 0.4296724470134875 0.3838771593090211 0.5521235521235521 0.6996197718631179 0.41040462427745666 0.5124760076775432 0.3742802303262956 0.4819047619047619 0.7180952380952381 0.3769230769230769 0.5172413793103449 0.333976833976834 0.3769230769230769 0.6806883365200764 0.41954022988505746 0.375 0.2205029013539652 0.47115384615384615 0.6628352490421456 0.44680851063829785 0.2524271844660194 0.25096525096525096 0.367816091954023 0.7419354838709677 0.32625482625482627 0.425 0.3723608445297505 0.2953667953667954 0.3333333333333333 0.3036750483558994 0.44594594594594594 0.21113243761996162 0.609942638623327 0.6927480916030534 0.4198473282442748 0.4646271510516252 0.4904580152671756 0.3269230769230769 0.28901734104046245 0.30095238095238097 0.6743295019157088 0.2857142857142857 0.8859315589353612 0.6110056925996205 0.29902912621359223 0.3159922928709056 0.7401129943502824 0.3236434108527132 0.40655105973025046 0.33076923076923076 0.22972972972972974 0.22007722007722008 0.18023255813953487 0.3793103448275862 0.38803088803088803 0.2813102119460501 0.47701149425287354 0.3590733590733591 0.344294003868472 0.4153846153846154 0.325 0.6007677543186181 0.4007707129094412 0.45124282982791586 0.444015444015444 0.3815028901734104 0.5984555984555985 0.2644787644787645 0.31467181467181465 0.33527131782945735 0.371868978805395 0.19111969111969113 0.2744721689059501 0.3849129593810445 0.3087378640776699 0.8766603415559773 0.2456813819577735 0.4482758620689655 0.4269230769230769 0.5498084291187739 0.3211538461538462 0.6190476190476191 0.20930232558139536 0.5649717514124294 0.37258687258687256 0.27115384615384613 0.3841698841698842 0.38857142857142857 0.371868978805395 0.5908221797323135 0.32437619961612285 0.5105973025048169 0.25338491295938104 0.6209523809523809 0.31800766283524906 0.45873320537428025 0.2364341085271318 0.5228136882129277 0.35645472061657035 0.39615384615384613 0.25 0.45664739884393063 0.2644787644787645 0.7234848484848485 0.35714285714285715 0.28709055876685935 0.27413127413127414 0.5019011406844106 0.277992277992278 0.31721470019342357 0.5375722543352601 0.4990403071017274 0.41825095057034223 0.3919694072657744 0.26103646833013433 0.26011560693641617 0.48854961832061067 0.3764478764478765 0.35946462715105165 0.4126679462571977 0.2832369942196532 0.29693486590038315 0.381957773512476 0.2928709055876686 0.34563106796116505 0.5676190476190476 0.6127167630057804 0.5489443378119002 0.6610169491525424 0.32567049808429116 0.3384615384615385 0.3493282149712092 0.3761996161228407 0.2092130518234165 0.30268199233716475 0.30544747081712065 0.45265151515151514 0.4616858237547893 0.30115830115830117 0.4110898661567878 0.5648854961832062 0.29844961240310075 0.2720306513409962 0.2084942084942085 0.22928709055876687 0.28516377649325625 0.47509578544061304 0.6943396226415094 0.49142857142857144 0.540952380952381 0.4826254826254826 0.6183206106870229 0.38697318007662834 0.33013435700575816
Largest average queue size: 0.8859315589353612

Finishing times (Last Client arrival is at or before 510 mins):
519 524 519 519 524 522 516 522 516 517 523 529 519 520 522 524 522 516 522 518 524 522 523 521 520 519 522 519 517 516 522 522 518 524 516 518 524 520 519 525 518 518 520 521 521 525 530 520 527 523 516 518 530 519 519 529 525 523 518 522 519 522 520 519 522 520 519 517 516 520 526 520 518 523 529 526 520 520 517 518 518 529 520 517 522 517 520 531 518 528 524 522 523 522 515 521 519 521 518 526 519 521 521 525 525 520 522 518 520 523 522 520 517 520 522 517 515 518 522 527 518 520 521 518 519 517 518 521 523 524 524 523 524 520 519 525 522 518 526 527 515 519 531 516 519 520 518 518 516 522 518 519 522 518 517 520 520 521 519 523 518 519 518 518 518 516 519 518 521 517 515 527 521 522 520 522 520 525 516 531 518 520 518 525 519 523 521 519 517 525 522 521 516 526 519 520 516 519 518 528 518 519 518 526 518 517 519 521 526 523 521 519 524 518 523 521 519 522 521 519 515 525 519 521 531 522 520 521 521 521 522 514 528 522 518 523 524 516 522 518 519 519 522 530 525 525 518 524 522 521
Latest finishing time: 531
Median: 520
