PARAMS:
Length of simulation (mins): 510
Arrival rate (lambda): 3.0
Service rate (mu): 2.0
Number of servers: 2
Traffic Intensity (assuming no special clients): 0.75
Vars are Exponentially Distributed.
There are no special clients.
Number of Simulations 250
========================================

Average waiting times (Client):
0.76 0.12 1.2 0.12 0.0 0.2 0.04 0.88 0.08 0.24 0.04 0.96 0.28 0.48 0.0 0.48 0.04 0.64 0.52 0.32 0.52 0.08 0.08 0.04 0.16 0.28 0.4 0.2 0.92 0.0 0.0 0.16 0.32 0.16 0.28 0.08 0.16 0.08 0.56 0.04 0.32 0.4 0.24 0.04 0.48 0.0 0.24 0.24 0.24 0.0 0.36 0.24 0.04 0.0 0.2 0.24 0.08 0.12 0.12 0.12 0.16 0.04 0.0 0.68 0.0 0.44 0.04 0.0 0.04 0.36 0.44 0.88 0.2 0.12 0.04 0.16 0.28 0.16 0.08 0.4 0.4 0.0 0.0 0.04 0.04 0.0 0.28 0.16 0.24 0.0 0.08 0.32 0.0 0.0 0.24 0.0 0.12 0.6 0.24 0.12 0.08 0.04 0.0 0.92 0.4 0.2 0.44 0.2 0.08 0.76 0.44 0.2 0.0 0.0 0.28 0.12 0.2 0.0 0.56 0.0 0.24 0.0 0.04 0.0 0.0 0.04 0.0 0.36 0.08 0.16 0.72 0.0 0.2 0.08 0.04 0.12 0.52 0.24 0.12 0.84 0.0 0.32 0.4 0.36 0.2 0.0 0.24 0.0 0.0 0.48 0.0 0.36 0.08 0.2 0.0 0.24 0.12 0.36 0.84 0.4 0.4 0.0 0.2 0.08 0.12 0.2 0.2 0.0 0.48 0.36 0.0 0.16 0.08 0.56 0.08 0.12 0.04 0.68 0.8 0.16 0.0 0.16 0.32 0.28 0.56 0.2 0.16 0.0 0.36 0.0 0.12 0.0 0.28 0.0 0.0 0.28 0.0 0.0 0.36 0.16 0.16 0.72 0.08 0.16 0.44 0.08 0.12 0.16 0.6 0.44 0.44 0.08 0.16 0.56 0.52 0.2 0.12 0.32 0.6 0.0 0.0 0.08 0.4 0.44 0.48 0.48 0.0 0.2 0.0 0.0 0.0 0.08 0.16 0.12 0.12 0.0 0.0 0.36 0.0 0.0 0.08 0.0 0.52 0.6 0.12 0.24 0.44 0.12 0.0 0.2
Longest average waiting time client: 1.2
Mean: 0.22208

Average time spent in system:
30.8 30.24 30.96 30.36 29.56 30.24 29.96 30.72 30.04 30.0 30.08 31.0 30.32 30.28 30.32 30.6 29.92 30.48 30.84 30.0 30.68 30.0 29.8 29.92 30.08 30.04 30.24 29.88 30.96 29.92 29.96 30.08 30.52 30.24 30.28 29.76 30.04 30.16 30.72 30.08 30.28 30.6 30.36 30.16 30.48 30.08 30.16 29.96 30.68 29.96 30.32 30.12 30.12 29.92 30.24 30.2 30.24 30.44 29.92 30.16 30.24 29.92 30.16 30.72 30.08 30.52 30.28 30.0 29.8 30.4 30.68 30.88 30.04 30.12 29.76 30.12 30.4 30.08 30.24 30.28 30.24 30.04 30.12 30.08 30.32 30.04 30.28 30.44 30.0 29.88 30.32 30.28 29.76 30.16 30.16 29.96 29.88 30.48 30.24 30.24 30.04 30.04 29.84 30.92 30.64 30.28 30.44 30.08 30.12 30.76 30.24 30.56 29.8 29.84 29.96 29.84 30.36 30.0 30.8 29.72 30.04 29.88 30.16 30.08 30.2 29.96 30.12 30.32 30.16 30.04 30.92 30.2 30.2 29.96 29.96 30.28 30.48 30.12 30.08 30.92 30.12 30.52 30.24 30.44 30.04 29.8 30.0 29.88 29.88 30.64 30.12 30.4 30.12 30.32 30.08 30.16 30.0 30.32 31.04 30.56 30.24 30.04 30.2 30.04 30.08 30.28 30.28 30.12 30.48 30.36 29.88 30.08 30.36 30.64 29.92 30.04 30.2 30.8 30.68 30.04 30.24 30.24 30.28 30.24 30.44 30.04 30.2 30.0 30.56 30.0 30.4 29.88 30.24 30.04 30.04 30.16 30.08 29.92 30.24 30.24 30.28 30.76 30.04 30.08 30.36 30.24 30.2 30.16 30.68 30.44 30.4 30.08 30.04 30.6 30.32 29.96 29.96 30.24 30.68 30.32 29.88 30.12 30.44 30.52 30.44 30.6 29.96 30.44 30.04 29.88 30.04 30.04 30.28 30.2 30.52 30.08 29.8 30.4 30.24 30.12 30.16 29.96 30.72 30.84 30.04 30.16 30.72 30.12 30.2 30.16
Longest average time spent in system: 31.04
Mean: 30.22544

Maximum waiting times (Client):
11 3 16 3 0 5 1 7 2 6 1 17 4 9 0 5 1 8 13 7 7 2 2 1 4 4 8 5 13 0 0 4 6 3 4 2 4 2 9 1 5 7 4 1 6 0 3 5 4 0 5 6 1 0 5 6 2 3 3 2 3 1 0 16 0 6 1 0 1 9 11 13 3 3 1 4 7 3 2 9 5 0 0 1 1 0 3 4 6 0 1 8 0 0 5 0 3 12 6 3 2 1 0 12 6 5 6 4 2 10 5 5 0 0 5 3 3 0 6 0 4 0 1 0 0 1 0 8 2 3 15 0 5 2 1 2 7 6 3 14 0 8 6 5 5 0 3 0 0 7 0 6 2 3 0 6 3 6 15 7 5 0 3 2 3 3 5 0 6 8 0 4 2 6 2 3 1 8 15 4 0 3 4 4 10 3 3 0 9 0 3 0 4 0 0 4 0 0 9 4 4 7 2 4 7 2 3 4 9 9 8 1 4 8 7 5 3 5 10 0 0 1 4 7 12 9 0 3 0 0 0 2 4 2 3 0 0 9 0 0 2 0 8 9 3 3 4 3 0 4
Overall largest waiting time (Client): 17

Maximum time spent in system:
41 33 45 33 31 36 33 37 33 35 32 47 35 38 33 36 31 38 44 37 37 33 32 31 34 33 38 33 43 31 31 34 35 33 35 31 33 32 40 32 35 37 34 31 36 31 34 35 35 31 35 36 32 32 35 36 32 33 32 32 33 32 31 46 31 36 32 31 31 40 39 43 33 33 31 34 37 33 32 39 35 31 32 31 32 31 33 34 36 31 32 37 31 32 35 32 33 42 36 34 32 32 32 42 36 34 37 34 32 40 35 35 31 31 35 32 33 31 36 32 34 31 32 32 33 31 32 38 32 33 46 32 35 32 31 32 37 35 33 44 31 39 37 36 34 31 33 31 31 38 31 36 33 33 32 36 32 36 45 38 35 31 34 33 33 33 35 31 37 36 31 33 33 36 32 33 32 38 44 36 32 33 34 35 40 34 33 32 39 33 33 31 34 32 32 34 32 31 38 34 34 37 32 34 37 32 33 35 39 39 38 32 34 38 37 35 33 35 40 32 31 32 34 37 42 39 31 33 31 31 31 31 34 32 33 32 32 39 32 32 32 31 41 40 33 35 35 33 32 34
Overall largest time spent in system (Client): 47

Time spent serving Clients (mins):
393 358 391 362 389 355 390 366 384 355 358 363 388 360 389 357 361 358 385 329 388 363 388 363 393 330 386 359 394 364 388 365 387 330 387 359 393 365 390 352 395 359 420 328 387 356 421 326 386 362 386 358 415 331 384 358 422 329 387 361 387 362 359 359 393 362 389 363 392 358 387 355 386 361 421 331 393 361 391 330 420 329 394 361 394 359 392 361 389 361 389 363 421 327 386 357 399 362 389 360 389 360 386 361 391 361 390 358 393 358 389 360 390 364 399 359 388 357 387 364 387 365 392 355 421 333 389 362 391 361 392 360 396 300 389 361 387 357 389 362 420 336 391 359 388 358 388 362 419 324 390 359 419 334 391 357 394 360 386 332 388 358 388 363 394 359 392 359 397 360 390 361 394 356 397 360 388 356 389 358 394 362 390 330 387 357 389 365 387 361 356 361 384 360 387 331 392 358 391 362 387 362 388 362 385 361 390 360 395 361 420 332 419 331 388 359 391 360 388 362 387 328 399 360 388 357 385 361 383 359 385 358 388 366 361 359 421 335 387 356 388 357 389 358 388 365 424 328 393 362 390 358 395 328 388 361 389 363 386 361 425 330 393 362 419 331 419 328 390 358 390 364 388 361 389 358 386 363 391 361 390 363 392 363 385 361 391 329 385 361 389 356 415 329 389 358 390 357 393 361 392 361 394 357 391 360 421 332 390 362 361 327 387 360 393 356 421 334 394 330 389 357 359 362 393 357 392 357 391 358 392 360 421 331 393 360 393 357 389 361 390 357 389 359 396 361 390 362 389 357 359 359 389 365 391 362 389 358 416 331 392 364 422 330 420 329 422 327 391 356 389 357 394 326 391 359 422 302 360 361 395 362 387 360 387 362 392 359 420 331 417 330 387 365 390 358 390 357 391 361 390 363 389 362 390 359 389 359 390 358 391 363 390 362 391 359 390 362 391 359 391 358 392 358 391 356 359 362 387 358 385 359 388 328 419 329 359 393 395 363 390 357 421 330 419 332 390 362 389 360 390 363 392 357 394 362 390 361 389 358 395 356 387 362 393 360 391 361 397 333 393 359 385 360 392 359 388 368 390 363 392 360 389 360 392 333 424 332 422 326 385 363 396 361 391 359 393 362 388 361
Most time spent serving Clients: 425
Mean:	373.302
Median:	364.5
Mode:	361

Time spent idle (Server, mins):
152 187 141 170 148 182 151 175 153 182 187 182 150 178 154 186 151 154 155 211 158 183 152 177 130 193 153 180 147 177 154 177 152 209 152 180 150 178 152 190 139 175 119 211 154 185 123 218 154 178 151 179 124 208 159 185 124 217 153 179 156 181 156 156 144 175 149 175 153 187 153 185 159 184 120 210 148 180 150 211 117 208 138 171 147 182 147 178 153 181 153 179 117 211 160 189 143 180 149 178 152 181 157 182 159 189 158 190 146 181 153 182 151 177 136 176 155 186 154 177 150 172 146 183 123 211 159 186 156 186 148 180 146 242 159 187 148 178 155 182 123 207 151 183 157 187 147 173 124 219 151 182 125 210 149 183 147 181 154 208 156 186 146 171 152 187 149 182 145 182 145 174 145 183 143 180 152 184 147 178 146 178 127 187 155 185 153 177 155 181 181 176 153 177 127 183 147 181 146 175 156 181 142 168 155 179 159 189 145 179 119 207 117 205 157 186 148 179 147 173 127 186 143 182 147 178 158 182 158 182 153 180 150 172 173 175 108 194 149 180 153 184 152 183 168 191 116 212 148 179 147 179 146 213 156 183 153 179 157 182 107 202 141 172 124 212 113 204 147 179 145 171 148 175 151 182 160 183 147 177 153 180 154 183 156 180 155 217 162 186 151 184 127 213 152 183 151 184 150 182 149 180 144 181 152 183 127 216 151 179 151 185 153 180 147 184 119 206 119 183 150 182 163 160 150 186 149 184 152 185 145 177 119 209 158 191 151 187 148 176 153 186 151 181 149 184 152 180 155 187 188 188 154 178 150 179 151 182 127 212 154 182 117 209 118 209 117 212 143 178 156 188 127 195 150 182 112 232 160 159 144 177 155 182 156 181 154 187 121 210 125 212 154 176 151 183 151 184 144 174 149 176 146 173 146 177 156 186 156 188 153 181 147 175 149 181 150 178 153 185 147 180 145 179 150 185 184 181 154 183 158 184 144 204 127 217 179 145 152 184 153 186 120 211 124 211 151 179 146 175 147 174 148 183 154 186 146 175 159 190 147 186 156 181 146 179 144 174 118 182 151 185 158 183 149 182 150 170 151 178 142 174 153 182 121 180 118 210 118 214 154 176 143 178 147 179 145 176 155 182
Longest time spent idle (Server): 242
Mean:	166.102
Median:	169
Mode:	182

Average system size (num active customers):
2.836697247706422 2.8834586466165413 2.8733705772811917 2.846580406654344 2.798882681564246 2.6990825688073397 2.828996282527881 2.834254143646409 2.859375 2.7 2.7985347985347984 2.8722222222222222 2.8240917782026767 2.8330241187384044 2.8484288354898335 2.8468634686346865 2.706864564007421 2.844155844155844 2.861878453038674 2.7988929889298895 2.8951310861423223 2.825602968460111 2.7966728280961184 2.7941176470588234 2.824074074074074 2.830540037243948 2.8330241187384044 2.7882136279926337 2.838827838827839 2.816666666666667 2.8047882136279925 2.8427184466019417 2.8733705772811917 2.849442379182156 2.8110091743119265 2.7981481481481483 2.7944954128440367 2.8299445471349354 2.8595194085027726 2.711645101663586 2.851024208566108 2.904135338345865 2.8410351201478745 2.8423005565862707 2.8357933579335795 2.821033210332103 2.8382899628252787 2.7783882783882783 2.8653136531365315 2.8308550185873607 2.831792975970425 2.8084714548802947 2.7818181818181817 2.7755474452554743 2.8423005565862707 2.821033210332103 2.837338262476895 2.885981308411215 2.7955801104972378 2.8280961182994453 2.8547486033519553 2.825278810408922 2.818014705882353 2.8175182481751824 2.7952468007312614 2.8518518518518516 2.6125461254612548 2.7828467153284673 2.829906542056075 2.823529411764706 2.850828729281768 2.8542435424354244 2.7926605504587156 2.8560747663551402 2.7845303867403315 2.822550831792976 2.827205882352941 2.824074074074074 2.837338262476895 2.7222222222222223 2.806985294117647 2.859550561797753 2.804029304029304 2.824399260628466 2.841328413284133 2.8542056074766355 2.8423005565862707 2.8574074074074076 2.812962962962963 2.833955223880597 2.85 2.8471953578336557 2.791512915129151 2.8284132841328415 2.8173431734317345 2.7150837988826817 2.823091247672253 2.869649805447471 2.8404452690166977 2.856610800744879 2.8084714548802947 2.879245283018868 2.8092592592592593 2.819672131147541 2.8648148148148147 2.8460111317254175 2.8656716417910446 2.7963302752293577 2.836734693877551 2.885981308411215 2.850194552529183 2.856088560885609 2.8317757009345796 2.7937384898710866 2.8022181146025877 2.8141263940520447 2.858736059479554 2.741573033707865 2.931947069943289 2.8190298507462686 2.811460258780037 2.807763401109057 2.7553956834532376 2.8314814814814815 2.837338262476895 2.834264432029795 2.7171903881700556 2.8161764705882355 2.8247232472324724 2.8047882136279925 2.919172932330827 2.8745318352059925 2.81767955801105 2.8590225563909772 2.834264432029795 2.8710280373831774 2.8656716417910446 2.824074074074074 2.7948717948717947 2.8810408921933086 2.8195211786372005 2.826007326007326 2.822550831792976 2.697802197802198 2.7824497257769654 2.8055555555555554 2.802583025830258 2.807763401109057 2.807763401109057 2.845303867403315 2.8299445471349354 2.8550185873605947 2.8158379373848987 2.802919708029197 2.8262476894639557 2.744140625 2.8185185185185184 2.837037037037037 2.8814814814814813 2.888888888888889 2.8330241187384044 2.8084291187739465 2.81767955801105 2.8188539741219962 2.810313075506446 2.856610800744879 2.8407407407407406 2.778584392014519 2.8253676470588234 2.856610800744879 2.7974217311233884 2.824074074074074 2.8275229357798164 2.8468634686346865 2.792279411764706 2.6745886654478976 2.825046040515654 2.8613678373382623 2.85 2.8047882136279925 2.8150183150183152 2.844155844155844 2.845724907063197 2.8385899814471243 2.8707865168539324 2.7926605504587156 2.817658349328215 2.8188539741219962 2.7734082397003745 2.8192307692307694 2.8608534322820036 2.802583025830258 2.81767955801105 2.7967032967032965 2.822550831792976 2.8154981549815496 2.8262476894639557 2.811460258780037 2.824399260628466 2.8654205607476637 2.8478664192949905 2.8878504672897196 2.845149253731343 2.7981651376146788 2.8058608058608057 2.8216911764705883 2.8528864059590315 2.8314814814814815 2.859259259259259 2.823529411764706 2.8513011152416357 2.8435754189944134 2.8151571164510165 2.7255985267034992 2.824399260628466 2.7955801104972378 2.742481203007519 2.8003663003663 2.869888475836431 2.8171846435100547 2.7974217311233884 2.8262476894639557 2.830570902394107 2.846580406654344 2.869158878504673 2.8733705772811917 2.8203703703703704 2.8138686131386863 2.8488805970149254 2.771897810218978 2.8173431734317345 2.8084714548802947 2.8478664192949905 2.863551401869159 2.887378640776699 2.8106617647058822 2.7900552486187844 2.8391866913123844 2.856877323420074 2.8299445471349354 2.8670411985018727 2.809963099630996 2.898635477582846 2.8634686346863467 2.8222222222222224 2.8330241187384044 2.87569573283859 2.840148698884758 2.853159851301115 2.8139963167587476
Largest average system size: 2.931947069943289

Average queue size:
0.08073394495412844 0.05263157894736842 0.10242085661080075 0.051756007393715345 0.04655493482309125 0.05321100917431193 0.048327137546468404 0.0865561694290976 0.05078125 0.05555555555555555 0.047619047619047616 0.09074074074074075 0.05927342256214149 0.0686456400742115 0.04621072088724584 0.06826568265682657 0.04638218923933209 0.07606679035250463 0.06998158379373849 0.06088560885608856 0.07116104868913857 0.05009276437847866 0.04990757855822551 0.04779411764705882 0.053703703703703705 0.0595903165735568 0.06493506493506493 0.055248618784530384 0.08791208791208792 0.046296296296296294 0.04604051565377532 0.05436893203883495 0.061452513966480445 0.05390334572490706 0.05871559633027523 0.05 0.05321100917431193 0.04990757855822551 0.07208872458410351 0.04621072088724584 0.061452513966480445 0.06578947368421052 0.05730129390018484 0.04823747680890538 0.06826568265682657 0.046125461254612546 0.05762081784386617 0.056776556776556776 0.05719557195571956 0.046468401486988845 0.06284658040665435 0.0570902394106814 0.04727272727272727 0.04562043795620438 0.055658627087198514 0.05719557195571956 0.04990757855822551 0.052336448598130844 0.05156537753222836 0.051756007393715345 0.054003724394785846 0.048327137546468404 0.04595588235294118 0.07664233576642336 0.04570383912248629 0.06666666666666667 0.04428044280442804 0.04562043795620438 0.048598130841121495 0.0625 0.06629834254143646 0.08671586715867159 0.05504587155963303 0.052336448598130844 0.04788213627992634 0.053604436229205174 0.058823529411764705 0.053703703703703705 0.04990757855822551 0.06296296296296296 0.06433823529411764 0.04681647940074907 0.045787545787545784 0.04805914972273567 0.04797047970479705 0.04672897196261682 0.059369202226345084 0.053703703703703705 0.05740740740740741 0.04664179104477612 0.05 0.061895551257253385 0.046125461254612546 0.046125461254612546 0.05719557195571956 0.0446927374301676 0.0521415270018622 0.07587548638132295 0.0575139146567718 0.0521415270018622 0.049723756906077346 0.04905660377358491 0.046296296296296294 0.08743169398907104 0.06481481481481481 0.055658627087198514 0.06716417910447761 0.05504587155963303 0.05009276437847866 0.08224299065420561 0.06809338521400778 0.055350553505535055 0.04672897196261682 0.04604051565377532 0.059149722735674676 0.05204460966542751 0.055762081784386616 0.0449438202247191 0.07372400756143667 0.04664179104477612 0.05730129390018484 0.04621072088724584 0.046762589928057555 0.046296296296296294 0.04621072088724584 0.048417132216014895 0.04436229205175601 0.0625 0.04981549815498155 0.053406998158379376 0.08082706766917293 0.04681647940074907 0.055248618784530384 0.05075187969924812 0.048417132216014895 0.052336448598130844 0.0708955223880597 0.05740740740740741 0.05128205128205128 0.08550185873605948 0.04604051565377532 0.06043956043956044 0.06469500924214418 0.06043956043956044 0.054844606946983544 0.046296296296296294 0.05719557195571956 0.04621072088724584 0.04621072088724584 0.06813996316758748 0.04621072088724584 0.06319702602230483 0.049723756906077346 0.05474452554744526 0.04621072088724584 0.056640625 0.05185185185185185 0.06296296296296296 0.08518518518518518 0.06627680311890838 0.06493506493506493 0.04597701149425287 0.055248618784530384 0.04990757855822551 0.05156537753222836 0.055865921787709494 0.05555555555555555 0.045372050816696916 0.06801470588235294 0.0633147113594041 0.04604051565377532 0.053703703703703705 0.04954128440366973 0.07195571955719557 0.04963235294117647 0.04936014625228519 0.04788213627992634 0.07763401109057301 0.08333333333333333 0.053406998158379376 0.045787545787545784 0.05380333951762523 0.06133828996282528 0.059369202226345084 0.07303370786516854 0.05504587155963303 0.053742802303262956 0.04621072088724584 0.06179775280898876 0.046153846153846156 0.05194805194805195 0.046125461254612546 0.058931860036832415 0.045787545787545784 0.04621072088724584 0.05904059040590406 0.04621072088724584 0.04621072088724584 0.06284658040665435 0.05420560747663551 0.05380333951762523 0.08037383177570094 0.05037313432835821 0.05321100917431193 0.06593406593406594 0.04963235294117647 0.0521415270018622 0.053703703703703705 0.07407407407407407 0.0661764705882353 0.06691449814126393 0.05027932960893855 0.053604436229205174 0.06998158379373849 0.07024029574861368 0.055248618784530384 0.05075187969924812 0.06043956043956044 0.07434944237918216 0.04570383912248629 0.04604051565377532 0.04990757855822551 0.06445672191528545 0.066543438077634 0.0691588785046729 0.06890130353817504 0.046296296296296294 0.05474452554744526 0.04664179104477612 0.04562043795620438 0.046125461254612546 0.049723756906077346 0.05380333951762523 0.052336448598130844 0.05242718446601942 0.04595588235294118 0.04604051565377532 0.06284658040665435 0.046468401486988845 0.04621072088724584 0.05056179775280899 0.046125461254612546 0.07212475633528265 0.07380073800738007 0.05185185185185185 0.0575139146567718 0.06679035250463822 0.05204460966542751 0.046468401486988845 0.055248618784530384
Largest average queue size: 0.10242085661080075

Finishing times (Last Client arrival is at or before 510 mins):
545 532 537 541 537 545 538 543 512 540 546 540 523 539 541 542 539 539 543 542 534 539 541 544 540 537 539 543 546 540 543 515 537 538 545 540 545 541 541 541 537 532 541 539 542 542 538 546 542 538 541 543 550 548 539 542 541 535 543 541 537 538 544 548 547 540 542 548 535 544 543 542 545 535 543 541 544 540 541 540 544 534 546 541 542 535 539 540 540 536 540 517 542 542 542 537 537 514 539 537 543 530 540 549 540 539 536 545 539 535 514 542 535 543 541 538 538 534 529 536 541 541 556 540 541 537 541 544 542 543 532 534 543 532 537 535 536 540 546 538 543 546 541 546 547 540 542 541 541 543 541 538 543 548 541 512 540 540 540 513 539 522 543 541 543 537 540 551 544 537 543 540 545 542 544 547 543 541 540 543 546 539 538 539 534 545 521 541 534 520 539 542 543 546 541 542 541 541 541 535 539 535 536 545 546 544 537 540 540 544 538 537 541 543 541 543 532 546 538 547 543 541 543 541 535 537 540 548 536 548 542 543 539 535 515 544 543 541 538 541 534 542 513 542 540 539 539 538 538 543
Latest finishing time: 556
Median:	541
