PARAMS:
Length of simulation (mins): 510
Arrival rate (lambda): 3.0
Service rate (mu): 4.0
Number of servers: 1
Traffic Intensity (assuming no special clients): 0.75
Vars are Exponentially Distributed.
There are no special clients.
Number of Simulations 250
========================================

Average waiting times (Client):
0.8 1.12 1.2 1.4 0.32 0.96 0.36 0.64 0.6 2.12 1.64 0.6 0.64 0.68 0.32 0.48 1.08 0.88 0.68 1.8 1.44 2.24 1.16 0.12 0.96 1.32 0.6 0.64 0.52 0.68 0.52 0.4 0.36 0.36 0.48 1.28 0.48 1.48 0.96 0.6 0.92 0.56 0.52 0.32 0.88 0.92 0.44 1.08 0.76 0.92 0.48 0.72 0.32 0.4 0.96 1.2 1.08 0.32 0.36 0.2 0.96 0.72 1.36 0.32 0.56 0.44 0.4 0.8 0.64 1.08 0.76 0.36 1.12 0.6 0.04 0.28 0.52 1.12 0.36 0.56 0.76 0.36 1.0 0.6 0.28 0.24 0.4 1.08 0.84 0.84 0.32 0.88 0.84 0.24 1.64 0.84 2.04 0.56 0.8 0.84 1.8 0.96 2.0 0.48 0.96 1.12 1.44 0.24 0.64 0.88 1.48 1.2 0.36 0.72 0.24 0.48 0.72 0.72 1.48 2.04 1.12 1.08 0.48 0.64 1.48 1.48 0.56 0.64 0.44 0.8 0.16 0.12 0.92 0.4 1.0 0.76 1.12 2.0 0.92 0.64 0.56 1.04 0.96 0.36 0.64 1.4 0.92 1.08 0.4 1.88 1.84 0.88 1.12 0.6 0.52 1.32 0.36 1.68 0.68 1.64 0.4 0.0 0.6 0.8 0.32 1.0 0.28 0.12 0.72 0.68 0.96 0.56 0.52 0.84 0.4 0.56 0.72 0.88 1.36 1.04 0.8 1.96 0.72 0.88 1.04 1.72 0.68 0.72 2.4 0.76 0.44 1.56 0.68 1.04 0.72 0.88 0.44 1.6 0.36 0.56 0.96 0.68 0.64 0.92 1.88 1.44 1.24 0.8 0.24 0.24 1.24 0.72 1.4 2.36 0.4 0.28 0.2 0.52 0.6 0.2 1.4 0.68 0.2 1.92 0.24 0.36 1.52 0.6 0.6 0.44 1.12 1.32 0.56 0.92 0.96 0.72 0.68 1.16 1.4 1.28 0.96 0.72 0.36 1.12 0.32 0.4 1.0 1.4 1.08 1.28
Longest average waiting time client: 2.4
Mean: 0.83872

Average time spent in system:
15.84 16.16 16.12 16.56 15.6 15.76 15.48 15.48 15.68 17.08 16.76 15.64 15.64 15.6 15.6 15.52 15.92 15.64 15.84 16.88 16.44 17.28 16.24 15.04 15.96 16.32 15.76 15.8 15.52 16.12 15.64 15.52 15.24 15.28 15.32 16.24 15.36 16.56 16.0 15.72 16.16 15.64 15.48 15.36 15.88 16.12 15.52 15.92 15.84 15.88 15.56 15.8 15.2 15.44 15.92 16.4 16.4 15.36 15.44 15.36 15.92 15.72 16.32 15.08 15.68 15.4 15.36 15.52 15.72 15.8 15.72 15.32 16.4 15.56 15.08 15.4 15.52 16.16 15.52 15.32 15.6 15.24 15.92 15.56 15.24 15.08 15.44 16.32 16.04 15.84 15.2 15.8 15.96 15.36 16.52 15.76 17.08 15.48 15.88 15.88 16.6 15.88 17.0 15.44 16.0 16.28 16.52 15.16 15.6 15.6 16.56 16.12 15.52 15.64 15.16 15.36 15.68 15.76 16.52 17.0 16.0 16.16 15.64 15.44 16.4 16.16 15.44 15.6 15.48 15.8 15.16 15.0 15.84 15.52 16.2 15.8 16.0 17.04 16.12 15.28 15.4 16.16 16.16 15.56 15.92 16.44 16.08 16.24 15.28 16.96 16.8 15.92 16.16 15.48 15.68 16.32 15.24 16.6 15.56 16.44 15.4 15.0 15.52 15.8 15.32 16.16 15.36 15.2 15.64 15.64 15.92 15.64 15.44 15.88 15.4 15.4 15.84 15.68 16.44 16.12 15.8 17.0 15.72 15.72 15.92 16.68 15.72 15.6 17.36 15.8 15.56 16.52 15.52 16.08 15.56 15.72 15.24 16.68 15.56 15.52 16.2 15.8 15.52 16.0 17.0 16.68 16.16 15.88 15.04 15.32 16.24 15.72 16.36 17.0 15.2 15.08 15.36 15.68 15.8 15.48 16.48 15.56 15.2 16.96 15.04 15.08 16.48 15.6 15.8 15.32 15.76 16.16 15.72 15.84 16.08 15.6 15.52 15.96 16.72 16.48 15.84 15.76 15.28 16.16 15.08 15.04 16.08 16.44 16.0 16.16
Longest average time spent in system: 17.36
Mean: 15.83696

Maximum waiting times (Client):
7 12 10 9 4 9 5 8 8 14 7 11 6 12 4 5 9 7 6 12 13 17 13 2 12 13 7 8 8 6 3 4 9 3 5 11 5 8 8 10 5 6 10 5 9 8 11 7 7 10 5 5 5 4 12 13 14 4 6 2 10 9 14 8 9 7 3 7 4 11 6 5 9 6 1 5 6 10 7 12 9 5 11 8 6 3 8 6 9 10 3 9 7 2 11 5 13 10 10 12 12 6 14 4 10 13 8 3 7 8 16 10 5 6 3 7 7 6 7 10 10 11 3 12 11 8 8 9 9 7 2 3 9 4 9 13 8 13 7 13 8 12 9 4 6 9 10 7 4 14 13 9 13 6 6 8 3 14 5 10 4 0 8 9 4 7 3 2 5 5 12 8 5 10 5 9 6 17 13 8 5 12 11 6 13 11 5 8 13 8 5 11 6 12 7 9 4 13 8 7 7 11 11 11 10 12 13 6 2 4 11 10 11 13 5 5 4 4 11 3 9 7 2 14 4 5 13 6 8 8 13 13 6 8 9 8 7 11 12 13 11 8 6 8 5 6 7 13 9 8
Overall largest waiting time (Client): 17

Maximum time spent in system:
22 27 25 23 19 24 21 23 23 29 23 26 20 27 19 20 23 22 22 27 30 32 28 17 27 28 21 23 23 25 19 19 25 18 20 26 20 23 23 25 22 21 24 20 25 24 25 22 22 24 20 21 19 20 27 28 29 20 21 18 25 23 29 23 23 21 18 22 19 24 20 20 24 21 17 20 21 27 22 26 23 19 27 24 21 18 23 22 24 25 18 24 23 17 26 21 28 25 25 28 27 21 29 19 24 28 24 19 22 23 31 25 20 21 18 22 22 22 22 25 25 26 18 28 26 23 23 22 24 22 17 18 26 19 25 28 23 27 21 28 23 27 24 19 21 24 27 22 19 29 27 24 28 21 22 23 18 29 20 25 19 17 23 24 19 22 18 17 20 20 27 24 19 25 19 24 22 33 28 23 20 27 25 21 28 26 22 23 27 23 20 26 21 27 22 24 19 28 22 23 22 25 25 25 26 27 28 21 17 19 27 25 25 27 20 20 21 20 26 18 27 23 17 29 17 19 28 21 23 23 28 28 22 23 24 23 22 26 27 28 27 23 21 22 20 21 22 28 22 23
Overall largest time spent in system (Client): 33

Time spent serving Clients (mins):
361 361 358 379 367 356 364 371 362 358 378 361 375 373 367 361 356 354 364 377 359 361 362 358 360 358 363 364 375 369 363 362 358 358 356 374 372 361 361 362 367 377 358 362 360 365 362 371 363 359 362 362 357 376 360 365 383 376 362 379 374 375 374 369 364 360 374 354 362 368 374 359 367 374 361 363 360 362 379 354 371 357 358 359 360 371 360 366 380 375 357 358 361 362 357 357 376 359 377 360 370 373 360 374 376 362 363 373 374 368 361 373 364 358 373 358 374 361 376 359 372 362 379 355 358 352 357 359 362 360 375 357 373 378 365 362 357 376 364 366 354 378 365 365 367 376 364 363 358 362 359 361 361 358 363 361 372 373 372 356 360 360 358 375 360 379 377 377 358 359 359 362 373 376 375 356 378 355 377 377 375 376 375 371 356 374 376 372 374 361 363 359 371 361 356 371 370 362 364 359 366 363 372 377 378 381 358 362 370 377 360 360 374 366 370 370 379 364 365 367 363 372 344 361 357 368 374 375 364 357 366 371 364 373 363 372 356 356 383 364 372 362 344 361 341 366 363 376 358 357
Most time spent serving Clients: 383
Mean:	365.596
Median:	363
Mode:	362

Time spent idle (Server, mins):
149 149 152 150 143 154 146 156 148 152 142 149 160 153 143 149 154 156 146 140 151 149 151 152 150 170 147 146 149 143 147 148 152 152 154 152 158 149 149 148 143 149 152 148 150 145 148 155 147 151 148 148 165 147 150 145 141 148 148 146 157 149 153 156 146 150 149 156 148 156 151 154 143 150 151 147 150 148 148 156 152 158 152 151 150 151 150 144 144 149 153 152 149 148 153 153 159 151 146 150 154 152 150 149 145 148 147 150 148 155 149 151 146 152 151 165 151 149 148 151 153 154 143 155 152 158 166 151 148 150 148 153 152 145 145 148 153 152 146 156 156 147 145 145 143 151 146 147 152 148 151 149 149 152 147 149 151 153 155 154 150 150 152 148 168 135 147 144 166 151 151 148 150 146 148 159 151 155 149 142 150 147 147 155 154 154 148 152 157 149 147 151 151 149 154 151 156 148 151 151 144 147 149 152 149 145 152 148 154 151 150 150 150 170 154 152 145 146 145 143 147 152 166 152 153 156 158 147 146 153 159 151 146 149 151 149 154 154 141 146 158 150 166 149 169 158 147 148 152 153
Longest time spent idle (Server): 170
Mean:	150.608
Median:	150
Mode:	149, 148, 151


Average system size (num active customers):
1.5019607843137255 1.5176470588235293 1.5098039215686274 1.5463137996219283 1.5019607843137255 1.4901960784313726 1.492156862745098 1.4857685009487667 1.496078431372549 1.5549019607843138 1.5807692307692307 1.492156862745098 1.4785046728971962 1.4980988593155893 1.5019607843137255 1.4862745098039216 1.496078431372549 1.4784313725490197 1.507843137254902 1.5938104448742747 1.5254901960784313 1.572549019607843 1.5146198830409356 1.4568627450980391 1.5058823529411764 1.4640151515151516 1.5 1.5058823529411764 1.5038167938931297 1.521484375 1.496078431372549 1.4862745098039216 1.468627450980392 1.468627450980392 1.4666666666666666 1.5304182509505704 1.4735849056603774 1.535294117647059 1.5098039215686274 1.496078431372549 1.531372549019608 1.5076045627376427 1.4764705882352942 1.4823529411764707 1.5019607843137255 1.5235294117647058 1.488235294117647 1.5095057034220531 1.507843137254902 1.5 1.4901960784313726 1.5019607843137255 1.4291187739463602 1.5047801147227533 1.5058823529411764 1.5372549019607844 1.5610687022900764 1.498091603053435 1.4843137254901961 1.500952380952381 1.5009416195856873 1.5133587786259541 1.5313092979127134 1.4685714285714286 1.5019607843137255 1.4803921568627452 1.497131931166348 1.4745098039215687 1.4980392156862745 1.5038167938931297 1.5085714285714287 1.4639376218323588 1.5411764705882354 1.5038167938931297 1.458984375 1.4843137254901961 1.4843137254901961 1.5215686274509803 1.5028462998102468 1.4627450980392156 1.502868068833652 1.4504854368932039 1.5 1.4843137254901961 1.4725490196078432 1.4808429118773947 1.4784313725490197 1.535294117647059 1.5381679389312977 1.5190839694656488 1.4627450980392156 1.4941176470588236 1.503921568627451 1.4784313725490197 1.5274509803921568 1.488235294117647 1.547663551401869 1.4823529411764707 1.5277246653919694 1.5 1.5458015267175573 1.5142857142857142 1.5568627450980392 1.5009560229445507 1.5374280230326296 1.5215686274509803 1.5411764705882354 1.4856596558317399 1.5114942528735633 1.497131931166348 1.535294117647059 1.5286259541984732 1.492156862745098 1.4862745098039216 1.4828244274809161 1.4378585086042066 1.5066666666666666 1.4980392156862745 1.5534351145038168 1.5549019607843138 1.5180952380952382 1.501937984496124 1.5229885057471264 1.4705882352941178 1.5235294117647058 1.5 1.4378585086042066 1.4862745098039216 1.488235294117647 1.4980392156862745 1.4894837476099427 1.4529411764705882 1.5123809523809524 1.5124282982791586 1.5274509803921568 1.503921568627451 1.5019607843137255 1.566287878787879 1.5196078431372548 1.4808429118773947 1.4627450980392156 1.5371428571428571 1.5254901960784313 1.496078431372549 1.5176470588235293 1.540796963946869 1.5196078431372548 1.5235294117647058 1.4705882352941178 1.5588235294117647 1.5450980392156863 1.5058823529411764 1.5176470588235293 1.4803921568627452 1.496078431372549 1.5274509803921568 1.4875717017208414 1.5456273764258555 1.49146110056926 1.5235294117647058 1.4784313725490197 1.4588235294117646 1.4803921568627452 1.520076481835564 1.4242424242424243 1.5719844357976653 1.5 1.5009596928982725 1.4465648854961832 1.488235294117647 1.5019607843137255 1.4941176470588236 1.4990439770554493 1.528735632183908 1.5009560229445507 1.4563106796116505 1.5103969754253308 1.4823529411764707 1.5456273764258555 1.5510597302504816 1.5142857142857142 1.5793499043977055 1.5191570881226053 1.5 1.4941176470588236 1.5454545454545454 1.515267175572519 1.501908396946565 1.5687382297551788 1.5 1.492156862745098 1.531372549019608 1.5019157088122606 1.5137254901960784 1.4784313725490197 1.5114942528735633 1.4752851711026616 1.5450980392156863 1.4776699029126215 1.4823529411764707 1.5294117647058822 1.503921568627451 1.506717850287908 1.5160680529300568 1.5711574952561669 1.564638783269962 1.511764705882353 1.5058823529411764 1.4713740458015268 1.4867424242424243 1.5196078431372548 1.4941176470588236 1.5419847328244274 1.5223880597014925 1.4790076335877862 1.4789272030651341 1.5038167938931297 1.5 1.507843137254902 1.496078431372549 1.5392156862745099 1.5 1.4039215686274509 1.5477582846003899 1.4588235294117646 1.4694656488549618 1.5244360902255638 1.5134099616858236 1.503921568627451 1.468627450980392 1.4952380952380953 1.5325670498084292 1.5019607843137255 1.5210727969348659 1.5058365758754864 1.510556621880998 1.4764705882352942 1.5 1.5763358778625953 1.5372549019607844 1.4962264150943396 1.49609375 1.411764705882353 1.5176470588235293 1.3980392156862744 1.463740458015267 1.5196078431372548 1.549618320610687 1.503921568627451 1.5098039215686274
Largest average system size: 1.5938104448742747

Average queue size:
0.08627450980392157 0.10196078431372549 0.10588235294117647 0.11342155009451796 0.06274509803921569 0.09411764705882353 0.06470588235294118 0.0777988614800759 0.07647058823529412 0.15098039215686274 0.12692307692307692 0.07647058823529412 0.07663551401869159 0.07984790874524715 0.06274509803921569 0.07058823529411765 0.1 0.09019607843137255 0.0803921568627451 0.13539651837524178 0.11764705882352941 0.1568627450980392 0.10331384015594541 0.052941176470588235 0.09411764705882353 0.10795454545454546 0.07647058823529412 0.0784313725490196 0.07251908396946564 0.080078125 0.07254901960784314 0.06666666666666667 0.06470588235294118 0.06470588235294118 0.07058823529411765 0.10836501901140684 0.06981132075471698 0.11960784313725491 0.09411764705882353 0.07647058823529412 0.09215686274509804 0.0741444866920152 0.07254901960784314 0.06274509803921569 0.09019607843137255 0.09215686274509804 0.06862745098039216 0.09885931558935361 0.08431372549019608 0.09215686274509804 0.07058823529411765 0.08235294117647059 0.06130268199233716 0.06692160611854685 0.09411764705882353 0.10588235294117647 0.09923664122137404 0.06297709923664122 0.06470588235294118 0.05714285714285714 0.09227871939736347 0.08206106870229007 0.11195445920303605 0.06285714285714286 0.07450980392156863 0.06862745098039216 0.06692160611854685 0.08627450980392157 0.0784313725490196 0.09923664122137404 0.0838095238095238 0.06432748538011696 0.10196078431372549 0.07633587786259542 0.048828125 0.060784313725490195 0.07254901960784314 0.10196078431372549 0.06451612903225806 0.07450980392156863 0.0841300191204589 0.06407766990291262 0.09607843137254903 0.07647058823529412 0.060784313725490195 0.05938697318007663 0.06666666666666667 0.1 0.08778625954198473 0.08778625954198473 0.06274509803921569 0.09019607843137255 0.08823529411764706 0.058823529411764705 0.12745098039215685 0.08823529411764706 0.14205607476635515 0.07450980392156863 0.08604206500956023 0.08823529411764706 0.13358778625954199 0.09333333333333334 0.1450980392156863 0.07074569789674952 0.09404990403071017 0.10196078431372549 0.11764705882352941 0.05927342256214149 0.07854406130268199 0.08986615678776291 0.11960784313725491 0.1049618320610687 0.06470588235294118 0.08235294117647059 0.05916030534351145 0.06883365200764818 0.08190476190476191 0.08235294117647059 0.1183206106870229 0.14705882352941177 0.10095238095238095 0.09883720930232558 0.07088122605363985 0.0784313725490196 0.11960784313725491 0.11960784313725491 0.07265774378585087 0.0784313725490196 0.06862745098039216 0.08627450980392157 0.055449330783938815 0.052941176470588235 0.09142857142857143 0.06692160611854685 0.09607843137254903 0.08431372549019608 0.10196078431372549 0.14204545454545456 0.09215686274509804 0.07854406130268199 0.07450980392156863 0.09714285714285714 0.09411764705882353 0.06470588235294118 0.0784313725490196 0.11385199240986717 0.09215686274509804 0.1 0.06666666666666667 0.1392156862745098 0.13725490196078433 0.09019607843137255 0.10196078431372549 0.07647058823529412 0.07254901960784314 0.11176470588235295 0.06500956022944551 0.12737642585551331 0.07969639468690702 0.12745098039215685 0.06666666666666667 0.047058823529411764 0.07647058823529412 0.08604206500956023 0.06060606060606061 0.09727626459143969 0.061068702290076333 0.053742802303262956 0.08015267175572519 0.0803921568627451 0.09411764705882353 0.07450980392156863 0.07265774378585087 0.08812260536398467 0.06692160611854685 0.07378640776699029 0.08128544423440454 0.09019607843137255 0.11216730038022814 0.09826589595375723 0.08571428571428572 0.14149139579349904 0.08237547892720307 0.08935361216730038 0.09803921568627451 0.12878787878787878 0.08015267175572519 0.08206106870229007 0.160075329566855 0.08431372549019608 0.06862745098039216 0.12352941176470589 0.08045977011494253 0.09803921568627451 0.08235294117647059 0.09003831417624521 0.06844106463878327 0.12549019607843137 0.06407766990291262 0.07450980392156863 0.09411764705882353 0.0803921568627451 0.07869481765834933 0.09073724007561437 0.1366223908918406 0.11596958174904944 0.10784313725490197 0.08627450980392157 0.05916030534351145 0.058712121212121215 0.10784313725490197 0.08235294117647059 0.11450381679389313 0.15671641791044777 0.06679389312977099 0.06130268199233716 0.05725190839694656 0.07254901960784314 0.07647058823529412 0.056862745098039215 0.11568627450980393 0.08015267175572519 0.054901960784313725 0.14035087719298245 0.058823529411764705 0.0648854961832061 0.11842105263157894 0.07662835249042145 0.07647058823529412 0.06862745098039216 0.10095238095238095 0.1111111111111111 0.07450980392156863 0.09195402298850575 0.0933852140077821 0.08253358925143954 0.0803921568627451 0.10392156862745099 0.11450381679389313 0.10980392156862745 0.09245283018867924 0.08203125 0.06274509803921569 0.10196078431372549 0.060784313725490195 0.06679389312977099 0.09607843137254903 0.11450381679389313 0.1 0.10980392156862745
Largest average queue size: 0.160075329566855

Finishing times (Last Client arrival is at or before 510 mins):
510 510 510 529 510 510 510 527 510 510 520 510 535 526 510 510 510 510 510 517 510 510 513 510 510 528 510 510 524 512 510 510 510 510 510 526 530 510 510 510 510 526 510 510 510 510 510 526 510 510 510 510 522 523 510 510 524 524 510 525 531 524 527 525 510 510 523 510 510 524 525 513 510 524 512 510 510 510 527 510 523 515 510 510 510 522 510 510 524 524 510 510 510 510 510 510 535 510 523 510 524 525 510 523 521 510 510 523 522 523 510 524 510 510 524 523 525 510 524 510 525 516 522 510 510 510 523 510 510 510 523 510 525 523 510 510 510 528 510 522 510 525 510 510 510 527 510 510 510 510 510 510 510 510 510 510 523 526 527 510 510 510 510 523 528 514 524 521 524 510 510 510 523 522 523 515 529 510 526 519 525 523 522 526 510 528 524 524 531 510 510 510 522 510 510 522 526 510 515 510 510 510 521 529 527 526 510 510 524 528 510 510 524 536 524 522 524 510 510 510 510 524 510 513 510 524 532 522 510 510 525 522 510 522 514 521 510 510 524 510 530 512 510 510 510 524 510 524 510 510
Latest finishing time: 536
Median: 510
