PARAMS:
Length of simulation (mins): 510
Arrival rate (lambda): 3.0
Service rate (mu): 2.0
Number of servers: 2
Traffic Intensity (assuming no special clients): 0.75
Vars are Poisson Distributed.
There are no special clients.
Number of Simulations 250
========================================

Average waiting times (Client):
1.7037037037037037 3.5555555555555554 0.7307692307692307 4.708333333333333 0.0 0.7916666666666666 0.25 0.0 1.2083333333333333 0.56 2.076923076923077 1.6363636363636365 0.0 1.2222222222222223 1.2 0.3333333333333333 0.09090909090909091 2.24 5.78125 0.0 0.6521739130434783 0.24 1.6071428571428572 0.43478260869565216 0.0 4.9655172413793105 0.7083333333333334 0.2608695652173913 4.111111111111111 0.045454545454545456 0.0 2.857142857142857 0.0 0.2608695652173913 0.375 1.6923076923076923 0.0 0.0 0.3333333333333333 2.0384615384615383 1.04 1.4615384615384615 0.8095238095238095 2.1739130434782608 0.21739130434782608 0.0 4.448275862068965 0.56 0.16 0.0 4.37037037037037 0.391304347826087 1.375 0.4583333333333333 3.111111111111111 0.3333333333333333 0.32 1.3076923076923077 3.3846153846153846 3.53125 0.4090909090909091 1.1153846153846154 1.16 3.9642857142857144 6.9655172413793105 2.4074074074074074 2.4642857142857144 3.0384615384615383 0.18181818181818182 5.392857142857143 0.12 0.75 0.3333333333333333 3.84 0.7916666666666666 1.9642857142857142 1.08 0.9230769230769231 1.2272727272727273 0.20833333333333334 0.3076923076923077 0.2608695652173913 1.6153846153846154 2.107142857142857 1.0384615384615385 0.782608695652174 0.2916666666666667 0.0 0.041666666666666664 0.6 0.0 0.125 2.3846153846153846 1.04 1.7692307692307692 0.16666666666666666 0.0 3.185185185185185 0.0 0.43478260869565216 6.357142857142857 0.0 1.4615384615384615 0.0 0.08 0.28 0.5416666666666666 5.535714285714286 1.0909090909090908 0.0 0.18181818181818182 3.56 3.857142857142857 0.3333333333333333 1.5416666666666667 10.806451612903226 1.0434782608695652 10.419354838709678 4.0 0.9285714285714286 0.5 0.84 0.37037037037037035 0.9166666666666666 1.0 1.037037037037037 2.8214285714285716 1.2 0.6666666666666666 13.586206896551724 1.9259259259259258 0.6538461538461539 0.3333333333333333 0.16666666666666666 0.4 2.892857142857143 2.1538461538461537 3.2083333333333335 1.9615384615384615 0.2916666666666667 0.5 5.0 0.25 9.333333333333334 1.2916666666666667 0.76 1.8148148148148149 0.43478260869565216 1.8461538461538463 2.037037037037037 0.9166666666666666 0.3333333333333333 5.758620689655173 0.23809523809523808 1.44 1.0 1.2592592592592593 3.4 0.76 2.925925925925926 1.12 0.6521739130434783 5.214285714285714 0.9230769230769231 1.608695652173913 1.0416666666666667 1.4230769230769231 0.22727272727272727 0.3333333333333333 2.92 0.09523809523809523 0.08695652173913043 0.8076923076923077 2.16 1.3076923076923077 1.4230769230769231 0.92 1.896551724137931 1.2173913043478262 1.2 1.44 0.7391304347826086 3.925925925925926 0.13043478260869565 0.48 1.1153846153846154 3.24 0.75 0.2608695652173913 0.44 1.3461538461538463 0.9583333333333334 1.16 2.2083333333333335 1.2173913043478262 1.2592592592592593 0.6 0.92 0.0 0.4166666666666667 0.0 0.9583333333333334 0.20833333333333334 1.2222222222222223 2.1923076923076925 0.96 7.655172413793103 3.28 0.7083333333333334 2.0 0.7083333333333334 1.173913043478261 1.68 0.0 0.0 4.769230769230769 1.5 0.8260869565217391 0.48 1.16 1.4814814814814814 0.0 2.5185185185185186 1.4583333333333333 3.1538461538461537 1.12 1.0416666666666667 3.0714285714285716 0.0 0.3333333333333333 0.9615384615384616 0.38461538461538464 1.0 6.038461538461538 3.3703703703703702 1.8846153846153846 1.6153846153846154 1.4615384615384615 1.7307692307692308 12.071428571428571 1.0833333333333333 4.416666666666667 0.23076923076923078 0.5769230769230769 2.56 1.4615384615384615 1.0416666666666667 0.9583333333333334 0.48 1.7826086956521738
Longest average waiting time client: 13.586206896551724

Average time spent in system:
31.88888888888889 33.48148148148148 31.0 34.708333333333336 29.82608695652174 30.791666666666668 30.291666666666668 30.095238095238095 31.541666666666668 30.64 32.03846153846154 31.545454545454547 30.0 31.25925925925926 31.16 30.416666666666668 29.772727272727273 31.88 35.71875 30.304347826086957 30.47826086956522 30.4 31.571428571428573 30.434782608695652 30.166666666666668 34.827586206896555 30.916666666666668 30.217391304347824 34.03703703703704 30.045454545454547 29.91304347826087 32.642857142857146 29.958333333333332 30.217391304347824 30.208333333333332 31.884615384615383 29.869565217391305 29.904761904761905 30.375 32.07692307692308 30.88 31.423076923076923 30.857142857142858 32.30434782608695 30.217391304347824 30.0 34.275862068965516 30.88 30.04 30.17391304347826 34.55555555555556 30.304347826086957 31.416666666666668 30.541666666666668 33.18518518518518 30.037037037037038 30.24 31.53846153846154 33.42307692307692 33.34375 30.636363636363637 31.115384615384617 31.28 33.67857142857143 36.96551724137931 32.48148148148148 32.714285714285715 33.0 30.0 35.357142857142854 29.92 30.95 30.333333333333332 33.92 30.416666666666668 31.964285714285715 31.0 31.0 31.40909090909091 30.0 29.96153846153846 30.347826086956523 31.692307692307693 32.17857142857143 31.03846153846154 31.043478260869566 30.458333333333332 29.727272727272727 30.25 30.64 29.90909090909091 30.166666666666668 32.30769230769231 31.12 31.96153846153846 29.916666666666668 29.916666666666668 33.18518518518518 29.954545454545453 30.73913043478261 36.357142857142854 30.130434782608695 31.23076923076923 30.043478260869566 30.2 30.36 30.916666666666668 35.67857142857143 31.318181818181817 29.863636363636363 30.318181818181817 33.52 33.785714285714285 30.125 31.625 40.516129032258064 30.782608695652176 40.45161290322581 33.96 31.071428571428573 30.5 30.8 30.296296296296298 30.875 30.833333333333332 30.88888888888889 33.035714285714285 30.96 30.583333333333332 43.58620689655172 31.703703703703702 30.96153846153846 30.041666666666668 30.25 30.2 32.785714285714285 32.23076923076923 33.208333333333336 31.96153846153846 30.333333333333332 30.35 34.64 30.25 39.370370370370374 31.208333333333332 30.6 31.666666666666668 30.565217391304348 31.807692307692307 32.0 30.875 30.541666666666668 35.724137931034484 30.19047619047619 31.4 30.91304347826087 31.48148148148148 33.7 31.04 32.925925925925924 31.08 30.565217391304348 35.42857142857143 30.615384615384617 31.391304347826086 31.166666666666668 31.692307692307693 30.272727272727273 30.166666666666668 32.84 30.047619047619047 30.17391304347826 30.73076923076923 32.16 31.307692307692307 31.653846153846153 30.88 31.896551724137932 31.26086956521739 31.16 31.68 30.565217391304348 33.851851851851855 30.08695652173913 30.48 31.153846153846153 33.28 30.833333333333332 30.217391304347824 30.56 31.153846153846153 30.958333333333332 31.4 32.166666666666664 31.26086956521739 31.296296296296298 30.52 31.28 29.91304347826087 30.458333333333332 30.166666666666668 31.041666666666668 30.083333333333332 31.185185185185187 32.11538461538461 30.76 37.62068965517241 33.12 30.541666666666668 32.12 30.791666666666668 31.17391304347826 31.44 29.904761904761905 30.2 34.57692307692308 31.285714285714285 30.956521739130434 30.48 31.2 31.333333333333332 29.75 32.407407407407405 31.416666666666668 33.03846153846154 31.2 31.166666666666668 33.0 30.272727272727273 30.333333333333332 30.692307692307693 30.346153846153847 31.0 36.03846153846154 33.407407407407405 31.923076923076923 31.5 31.307692307692307 31.692307692307693 42.285714285714285 31.375 34.583333333333336 30.26923076923077 30.5 33.0 31.53846153846154 30.875 31.0 30.56 31.956521739130434
Longest average time spent in system: 43.58620689655172

Maximum waiting times (Client):
14 20 8 35 0 7 4 0 11 13 12 16 0 12 13 6 2 20 27 0 8 6 11 8 0 26 9 6 20 1 0 19 0 6 5 12 0 0 5 15 7 13 12 18 4 0 18 8 4 0 20 7 21 6 19 5 6 13 17 18 9 7 19 25 26 22 11 24 4 23 3 15 5 19 11 13 8 14 11 5 8 6 13 12 10 10 6 0 1 13 0 2 17 17 15 3 0 26 0 7 39 0 12 0 2 5 8 22 17 0 3 18 15 8 16 41 10 31 19 10 8 11 5 13 14 8 12 8 10 44 13 6 8 4 8 18 12 19 13 7 10 22 3 43 13 10 11 10 20 17 13 6 33 3 18 10 10 15 12 27 7 10 20 10 12 7 14 5 7 16 2 2 8 18 12 13 6 12 14 9 13 10 24 2 12 14 17 8 5 6 12 12 8 17 17 17 8 9 0 7 0 13 2 11 22 8 36 26 10 15 7 13 17 0 0 29 12 10 9 14 11 0 21 9 17 11 13 18 0 6 9 8 12 42 13 13 17 14 20 45 11 22 4 10 23 14 8 9 5 10
Overall largest waiting time (Client): 45

Maximum time spent in system:
44 50 39 65 31 37 34 31 41 43 43 46 32 42 43 36 33 49 56 31 38 36 41 38 32 56 39 37 50 32 31 49 32 36 36 43 32 32 35 46 37 43 44 48 35 32 48 38 33 31 51 37 51 36 49 34 36 44 48 49 39 38 49 55 56 52 41 54 32 54 32 45 35 49 40 43 38 42 41 35 37 36 44 42 39 41 38 30 33 42 31 32 46 47 45 33 31 55 31 37 69 33 42 31 32 35 37 51 49 32 33 47 45 38 45 71 40 61 49 42 37 41 35 43 44 38 42 37 42 73 44 36 37 34 38 48 42 48 43 37 40 51 34 73 43 39 40 40 50 47 39 37 63 33 48 40 40 45 43 57 37 39 50 41 42 36 44 35 37 46 33 32 37 48 42 45 36 42 44 40 43 40 53 31 41 44 47 39 37 36 42 42 39 46 45 47 38 39 31 38 32 43 32 41 52 38 66 55 39 45 37 43 48 31 34 59 42 40 40 45 41 31 51 39 48 42 43 48 31 35 38 38 42 71 42 41 47 45 50 78 41 52 33 40 53 44 37 39 34 40
Overall largest time spent in system (Client): 78

Time spent serving Clients (mins):
421 394 420 388 424 363 361 359 387 299 389 331 388 333 391 241 424 304 360 332 391 388 359 299 360 300 423 388 388 361 392 330 330 323 386 355 479 479 392 305 387 299 392 362 451 388 360 330 392 332 448 418 393 332 359 330 419 389 360 300 358 330 418 416 387 332 391 298 417 299 391 363 357 330 327 301 391 330 420 361 385 361 420 359 361 270 365 328 392 298 360 300 447 418 422 306 387 330 394 300 422 393 389 299 422 299 390 332 451 361 416 386 416 271 423 363 419 362 479 444 392 273 450 330 396 357 447 385 478 392 419 393 423 424 416 363 360 296 447 392 415 330 332 272 362 268 394 358 385 326 419 421 417 331 421 330 331 333 359 328 418 353 392 300 421 361 419 423 418 362 363 333 359 365 357 297 391 334 388 363 332 326 391 300 389 389 392 330 394 391 386 328 390 328 419 391 359 300 396 301 420 420 359 334 389 327 334 327 422 331 393 359 398 301 418 426 360 305 359 298 363 300 391 358 421 417 387 328 393 329 474 447 386 298 479 452 392 326 426 387 389 391 389 360 392 356 389 330 415 301 420 386 422 424 391 353 387 331 481 389 419 385 422 366 390 323 393 329 328 268 447 390 393 389 359 361 420 360 360 361 360 237 383 358 422 298 420 391 391 327 420 297 416 390 390 303 359 359 419 390 389 330 393 332 452 417 357 272 419 330 387 301 454 362 459 450 393 364 421 359 389 360 359 329 422 424 415 357 388 297 394 329 393 394 362 299 387 329 392 356 360 269 361 331 419 359 419 331 421 359 425 361 388 361 451 388 361 300 389 360 394 332 388 298 420 388 390 299 392 358 393 330 393 358 391 331 420 269 390 363 387 388 391 329 424 332 389 330 360 331 422 389 389 330 397 362 358 330 391 330 366 358 389 333 386 302 423 357 419 359 388 327 445 424 388 358 386 330 393 360 390 332 391 299 418 326 359 269 392 333 390 385 412 391 362 331 422 328 389 362 417 389 387 327 418 389 391 328 419 328 393 359 392 331 423 415 333 333 392 328 415 358 390 360 390 300 389 361 452 359 416 365 416 361 419 357 388 391 418 428 398 329 394 330 393 388 419 359 393 368 392 390 392 294 360 361 392 360 421 273
Most time spent serving Clients: 481
Mean:	371.92
Median:	386
Mode:	359, 389, 330

Time spent idle (Server, mins):
122 149 101 133 93 154 174 176 150 238 122 180 144 199 146 296 127 247 166 194 150 153 171 231 167 227 115 150 143 170 135 197 186 193 125 156 60 60 136 223 133 221 134 164 100 163 164 194 138 198 86 116 151 212 170 199 120 150 150 210 165 193 107 109 140 195 146 239 105 223 148 176 180 207 213 239 141 202 110 169 138 162 116 177 166 257 175 212 143 237 173 233 87 116 105 221 145 202 146 240 113 142 137 227 102 225 144 202 70 160 112 142 122 267 96 156 120 177 68 103 137 256 86 206 140 179 82 144 70 156 116 142 114 113 112 165 171 235 93 148 113 198 178 238 164 258 138 174 144 203 113 111 106 192 111 202 194 192 174 205 111 176 150 242 115 175 117 113 116 172 161 191 166 160 172 232 132 189 156 181 194 200 137 228 142 142 128 190 138 141 150 208 148 210 97 125 169 228 135 230 117 117 163 188 146 208 199 206 107 198 139 173 121 218 115 107 181 236 162 223 172 235 146 179 109 113 145 204 126 190 47 74 137 225 42 69 127 193 110 149 150 148 154 183 143 179 146 205 125 239 121 155 116 114 156 194 143 199 66 158 102 136 111 167 134 201 139 203 204 264 81 138 146 150 163 161 119 179 174 173 164 287 143 168 102 226 120 149 147 211 121 244 132 158 139 226 180 180 107 136 149 208 131 192 89 124 158 243 106 195 144 230 85 177 73 82 139 168 142 204 142 171 166 196 117 115 117 175 144 235 129 194 134 133 165 228 153 211 137 173 169 260 168 198 116 176 140 228 120 182 101 165 136 163 83 146 177 238 131 160 142 204 139 229 122 154 142 233 134 168 136 199 142 177 147 207 120 271 140 167 149 148 119 181 105 197 148 207 170 199 128 161 152 211 130 165 158 186 142 203 176 184 151 207 142 226 118 184 113 173 140 201 74 95 132 162 137 193 148 181 138 196 152 244 105 197 165 255 146 205 122 127 113 134 177 208 109 203 126 153 120 148 152 212 115 144 159 222 91 182 142 176 142 203 102 110 200 200 143 207 120 177 139 169 138 228 150 178 92 185 115 166 123 178 114 176 148 145 113 103 128 197 147 211 149 154 116 176 137 162 152 154 140 238 181 180 134 166 113 261
Longest time spent idle (Server): 296
Mean:	159.816
Median:	154
Mode:	142

Average system size (num active customers):
3.136279926335175 3.3378119001919386 3.1315280464216633 2.947663551401869 2.5977653631284916 2.9021526418786694 2.7669172932330826 2.39292364990689 2.7386569872958257 2.7015209125475286 3.0277264325323476 2.5924528301886793 2.5464895635673623 3.12639405204461 2.9246704331450095 2.8007590132827325 2.5775193798449614 3.0587084148727985 3.9573283858998143 2.683712121212121 2.7115384615384617 2.925855513307985 3.1778584392014517 2.696564885496183 2.7773584905660376 3.567415730337079 2.7408088235294117 2.659735349716446 3.25417439703154 2.6333333333333333 2.6749521988527722 3.382857142857143 2.774193548387097 2.6201117318435756 2.8065134099616857 2.9257884972170687 2.601489757914339 2.3648148148148147 2.7706766917293235 3.0962264150943395 2.950286806883365 3.0261194029850746 2.4667931688804554 2.7018518518518517 2.6317757009345795 2.5178236397748592 3.5355805243445695 2.8349146110056926 2.7481203007518795 2.612962962962963 3.317757009345794 2.67680608365019 2.8606870229007635 2.769662921348315 3.330134357005758 3.106060606060606 2.6115241635687734 3.1445086705202314 3.1094619666048238 3.6380255941499087 2.5727788279773156 3.013059701492537 2.91044776119403 3.4083175803402646 3.596715328467153 3.2074766355140185 3.335195530726257 3.149621212121212 2.519774011299435 3.438888888888889 2.875 2.437254901960784 2.4486692015209126 3.0545112781954886 2.76937618147448 3.31390977443609 2.959847036328872 2.9154135338345863 2.6228571428571428 2.630393996247655 2.9792060491493384 2.607011070110701 3.044776119402985 3.3041044776119404 3.0205992509363297 2.734732824427481 2.817142857142857 2.5141776937618148 2.820267686424474 2.8345588235294117 2.543726235741445 2.6666666666666665 3.096045197740113 2.873076923076923 3.0864661654135337 2.716417910447761 2.7137546468401488 3.358527131782946 2.537878787878788 2.687382297551789 3.5121042830540037 2.6992337164750957 2.7925233644859815 2.521575984990619 2.8979206049149338 2.887218045112782 2.7630057803468207 3.5103189493433398 2.5434380776340113 2.564299424184261 2.527102803738318 3.001862197392924 3.418867924528302 2.7481203007518795 2.8998073217726397 4.2380038387715935 2.705544933078394 4.253358925143954 3.005780346820809 3.1324626865671643 2.968460111317254 2.8434622467771637 2.8616822429906543 2.7738317757009345 2.740740740740741 3.081330868761553 3.3438661710037176 2.820840950639854 2.7849056603773583 3.954296160877514 3.238003838771593 3.0375234521575987 2.782442748091603 2.7669172932330826 2.293233082706767 3.3768939393939394 3.0538033395176254 2.9521072796934864 3.037105751391466 2.758426966292135 2.33587786259542 3.102661596958175 2.8053435114503817 3.52037037037037 2.7713754646840147 2.7301293900184844 3.0802919708029197 2.68241965973535 2.797773654916512 3.2319391634980987 2.758364312267658 2.8282442748091605 3.574861367837338 2.4932038834951458 2.9695238095238095 2.6779661016949152 3.1410018552875694 3.6654135338345863 2.9285714285714284 2.9573712255772646 2.92090395480226 2.6933333333333334 3.461966604823748 2.9962406015037595 2.68796992481203 2.858508604206501 3.106261859582543 2.55977229601518 2.7111111111111112 3.0132325141776937 2.421550094517958 2.66351606805293 2.9962616822429906 2.8246869409660107 2.9944547134935307 3.1083650190114067 2.950381679389313 3.297752808988764 2.550185873605948 2.9865384615384616 2.8208955223880596 2.6793168880455407 3.226937269372694 2.6390977443609023 2.9220532319391634 2.833648393194707 3.005607476635514 2.7620817843866172 2.6055555555555556 2.909433962264151 3.0055970149253732 2.9156862745098038 2.9603024574669186 2.82122905027933 2.7037735849056603 3.06 2.7301293900184844 2.9715370018975333 2.7112403100775193 2.769230769230769 2.715867158671587 2.761111111111111 2.659090909090909 2.9926062846580406 3.080827067669173 2.7992424242424243 3.832369942196532 3.075 2.8164435946462714 2.922365988909427 2.8125 2.6335174953959486 2.973231357552581 2.437022900763359 2.7397769516728623 3.3203125 3.1904761904761907 2.6493506493506493 2.894538606403013 3.021359223300971 3.1266294227188083 2.693877551020408 3.206378986866792 2.7218181818181817 3.1392156862745098 2.9102803738317755 2.799625468164794 3.4095238095238094 2.5403377110694185 2.7514018691588786 2.9850467289719624 2.9017013232514177 2.7007575757575757 3.1205936920222634 3.198529411764706 3.0828625235404896 3.0092764378478662 3.0318949343339585 3.0391791044776117 3.8757062146892656 2.859315589353612 2.9168207024029575 2.940959409594096 2.9850467289719624 3.039622641509434 2.9926470588235294 2.669172932330827 2.7523105360443623 2.929657794676806 2.7191011235955056
Largest average system size: 4.253358925143954

Average queue size:
0.13443830570902393 0.236084452975048 0.08704061895551257 0.2560747663551402 0.04283054003724395 0.08414872798434442 0.05639097744360902 0.03910614525139665 0.09618874773139746 0.07034220532319392 0.1478743068391867 0.10943396226415095 0.04174573055028463 0.11152416356877323 0.10357815442561205 0.06072106261859583 0.046511627906976744 0.15851272015655576 0.4025974025974026 0.043560606060606064 0.07307692307692308 0.058935361216730035 0.132486388384755 0.06297709923664122 0.045283018867924525 0.32397003745318353 0.07536764705882353 0.054820415879017016 0.2560296846011132 0.045098039215686274 0.04397705544933078 0.2057142857142857 0.04554079696394687 0.054003724394785846 0.06321839080459771 0.1280148423005566 0.04283054003724395 0.03888888888888889 0.06015037593984962 0.1490566037735849 0.09751434034416825 0.11940298507462686 0.07210626185958255 0.13518518518518519 0.052336448598130844 0.04127579737335835 0.2958801498127341 0.07210626185958255 0.05263157894736842 0.04259259259259259 0.27102803738317754 0.060836501901140684 0.10877862595419847 0.06554307116104868 0.21305182341650672 0.06818181818181818 0.05762081784386617 0.11560693641618497 0.21150278293135436 0.263254113345521 0.05860113421550094 0.10261194029850747 0.10074626865671642 0.2627599243856333 0.4215328467153285 0.17196261682242991 0.18063314711359404 0.19886363636363635 0.04896421845574388 0.3314814814814815 0.05303030303030303 0.06862745098039216 0.053231939163498096 0.2274436090225564 0.08128544423440454 0.15601503759398497 0.0994263862332696 0.09210526315789473 0.09333333333333334 0.0525328330206379 0.06427221172022685 0.05350553505535055 0.12686567164179105 0.1623134328358209 0.09925093632958802 0.07824427480916031 0.05904761904761905 0.04158790170132325 0.04780114722753346 0.07352941176470588 0.04182509505703422 0.04924242424242424 0.1657250470809793 0.09615384615384616 0.13533834586466165 0.05223880597014925 0.04460966542750929 0.2189922480620155 0.041666666666666664 0.062146892655367235 0.38361266294227186 0.044061302681992334 0.11588785046728972 0.04127579737335835 0.05103969754253308 0.06015037593984962 0.06936416184971098 0.3433395872420263 0.08502772643253234 0.04222648752399232 0.048598130841121495 0.2122905027932961 0.25660377358490566 0.06015037593984962 0.11753371868978806 0.7024952015355086 0.08986615678776291 0.6794625719769674 0.23892100192678228 0.09888059701492537 0.07421150278293136 0.0847145488029466 0.06542056074766354 0.08598130841121496 0.08888888888888889 0.10166358595194085 0.19888475836431227 0.10054844606946983 0.07547169811320754 0.773308957952468 0.15163147792706333 0.08067542213883677 0.061068702290076333 0.05263157894736842 0.05263157894736842 0.20643939393939395 0.15213358070500926 0.19348659003831417 0.14285714285714285 0.05805243445692884 0.05725190839694656 0.28517110266159695 0.05725190839694656 0.5166666666666667 0.10223048327137546 0.07948243992606285 0.1386861313868613 0.062381852551984876 0.13358070500927643 0.155893536121673 0.08550185873605948 0.061068702290076333 0.36229205175600737 0.05048543689320388 0.11619047619047619 0.08662900188323917 0.11317254174397032 0.24812030075187969 0.08270676691729323 0.18650088809946713 0.09981167608286252 0.07238095238095238 0.3228200371057514 0.09398496240601503 0.11278195488721804 0.09369024856596558 0.11954459203036052 0.051233396584440226 0.05925925925925926 0.18525519848771266 0.043478260869565216 0.04725897920604915 0.08785046728971962 0.1413237924865832 0.11090573012939002 0.11977186311787072 0.0916030534351145 0.15543071161048688 0.09293680297397769 0.10576923076923077 0.11194029850746269 0.07590132827324478 0.24538745387453875 0.04887218045112782 0.07034220532319392 0.1001890359168242 0.19813084112149532 0.07806691449814127 0.053703703703703705 0.06792452830188679 0.11380597014925373 0.09215686274509804 0.10207939508506617 0.14338919925512103 0.09622641509433963 0.11090909090909092 0.07208872458410351 0.09108159392789374 0.044573643410852716 0.06378986866791744 0.04428044280442804 0.08703703703703704 0.05303030303030303 0.10905730129390019 0.15601503759398497 0.09090909090909091 0.4836223506743738 0.20576923076923076 0.07839388145315487 0.13863216266173753 0.07765151515151515 0.09208103130755065 0.12810707456978968 0.04007633587786259 0.04460966542750929 0.29296875 0.13142857142857142 0.07792207792207792 0.0696798493408663 0.10485436893203884 0.12476722532588454 0.04452690166975881 0.17823639774859287 0.10727272727272727 0.20980392156862746 0.09906542056074766 0.09176029962546817 0.21714285714285714 0.04127579737335835 0.059813084112149535 0.09532710280373832 0.0661625708884688 0.08712121212121213 0.33766233766233766 0.21691176470588236 0.14124293785310735 0.1261595547309833 0.1200750469043152 0.13246268656716417 0.6892655367231638 0.09505703422053231 0.24029574861367836 0.05904059040590406 0.07663551401869159 0.16792452830188678 0.11764705882352941 0.09022556390977443 0.08687615526802218 0.07034220532319392 0.1198501872659176
Largest average queue size: 0.773308957952468

Finishing times (Last Client arrival is at or before 510 mins):
543 521 517 535 537 511 532 537 551 526 541 530 527 538 531 527 516 511 539 528 520 526 551 524 530 534 544 529 539 510 523 525 527 537 522 539 537 540 532 530 523 536 527 540 535 533 534 527 532 540 535 526 524 534 521 528 538 519 539 547 529 536 536 529 548 535 537 528 531 540 528 510 526 532 529 532 523 532 525 533 529 542 536 536 534 524 525 529 523 544 526 528 531 520 532 536 538 516 528 531 537 522 535 533 529 532 519 533 541 521 535 537 530 532 519 521 523 521 519 536 539 543 535 535 540 541 538 547 530 547 521 533 524 532 532 528 539 522 539 534 524 526 524 540 538 541 548 529 539 526 538 524 541 515 525 531 539 532 532 563 531 525 539 532 532 523 527 527 540 529 529 529 535 559 541 526 524 534 538 520 536 527 542 532 526 529 535 538 540 530 536 510 529 537 530 550 541 527 516 533 542 540 528 541 532 528 519 520 523 541 528 543 523 524 538 512 525 539 531 515 537 539 533 550 510 535 534 525 533 535 535 529 528 539 544 531 539 533 536 531 526 541 542 535 530 544 532 541 526 534
Latest finishing time: 563
Median: 532
