PARAMS:
Length of simulation (mins): 510
Arrival rate (lambda): 3.0
Service rate (mu): 2.0
Number of servers: 2
Traffic Intensity (assuming no special clients): 0.75
Vars are Poisson Distributed.
There are no special clients.
Number of Simulations 250
========================================

Average waiting times (Client):
1.6923076923076923 0.0 1.5517241379310345 0.6666666666666666 2.9655172413793105 2.6923076923076925 1.2173913043478262 3.28 0.0 0.6666666666666666 0.5909090909090909 0.9230769230769231 0.19230769230769232 0.12 0.75 1.4166666666666667 3.3214285714285716 0.65 0.46153846153846156 1.4615384615384615 3.4444444444444446 3.3461538461538463 0.9615384615384616 2.375 1.6 0.18181818181818182 3.76 1.3478260869565217 0.9090909090909091 0.6206896551724138 1.2 1.4615384615384615 0.72 0.09523809523809523 2.25 0.8076923076923077 0.7391304347826086 3.896551724137931 4.071428571428571 0.6956521739130435 5.333333333333333 9.4 0.9642857142857143 1.2916666666666667 2.9310344827586206 1.44 1.0416666666666667 2.7 0.2727272727272727 0.0 0.13636363636363635 1.9615384615384615 0.52 0.6 2.2 0.52 0.3333333333333333 0.08 0.5769230769230769 5.225806451612903 0.4074074074074074 0.0 1.3793103448275863 1.7307692307692308 2.5 0.46153846153846156 2.28 1.1851851851851851 2.7857142857142856 0.047619047619047616 1.3333333333333333 0.0 2.1153846153846154 0.30434782608695654 0.2916666666666667 0.46153846153846156 0.17391304347826086 0.76 2.4615384615384617 0.2692307692307692 0.6785714285714286 0.6086956521739131 1.2962962962962963 2.107142857142857 1.28 0.2608695652173913 0.041666666666666664 0.4166666666666667 0.0 2.0 4.96 2.04 0.391304347826087 0.0 0.7692307692307693 0.18181818181818182 0.375 0.0 1.2173913043478262 0.4 2.142857142857143 0.30434782608695654 0.84 0.96 0.1 1.52 13.2 1.8076923076923077 1.3043478260869565 0.2608695652173913 0.21739130434782608 3.1923076923076925 1.3076923076923077 1.7916666666666667 0.6296296296296297 3.2333333333333334 0.13043478260869565 0.34782608695652173 0.043478260869565216 0.045454545454545456 0.56 1.2 2.8518518518518516 3.1379310344827585 0.2608695652173913 0.56 3.769230769230769 0.8846153846153846 1.7777777777777777 0.0 0.0 0.5833333333333334 0.28 3.3333333333333335 0.4090909090909091 0.5769230769230769 0.6086956521739131 0.5769230769230769 0.13043478260869565 5.08 2.888888888888889 1.9615384615384615 0.9130434782608695 2.625 2.0357142857142856 1.12 0.0 0.8518518518518519 0.0 1.08 0.0 1.3076923076923077 1.5416666666666667 1.2307692307692308 0.13043478260869565 0.16666666666666666 1.2083333333333333 0.13636363636363635 3.230769230769231 1.3333333333333333 0.75 5.846153846153846 3.0357142857142856 0.32 0.0 1.6956521739130435 0.7916666666666666 5.9655172413793105 2.5357142857142856 0.0 0.2727272727272727 1.4090909090909092 0.3333333333333333 0.2 0.5384615384615384 0.2 0.20833333333333334 0.08695652173913043 0.13636363636363635 0.6923076923076923 1.5 0.9629629629629629 0.625 0.6538461538461539 7.833333333333333 0.8214285714285714 0.16 0.09523809523809523 0.68 0.25925925925925924 2.9166666666666665 0.21739130434782608 0.0 3.225806451612903 0.7083333333333334 0.5 0.6521739130434783 4.153846153846154 2.36 8.11111111111111 5.16 0.0 0.0 0.0 0.5652173913043478 3.4444444444444446 1.0714285714285714 0.5 3.12 4.535714285714286 0.16 0.25925925925925924 8.192307692307692 3.44 6.633333333333334 0.875 1.1666666666666667 2.9642857142857144 1.4444444444444444 0.48 4.25 1.44 0.782608695652174 0.2916666666666667 0.23809523809523808 0.34782608695652173 0.0 1.28 1.8 1.0 2.4166666666666665 0.45454545454545453 0.6956521739130435 0.7407407407407407 0.0 0.36363636363636365 1.0714285714285714 6.133333333333334 0.08333333333333333 2.1153846153846154 0.0 0.30434782608695654 1.3076923076923077 1.2307692307692308 0.21739130434782608 0.4583333333333333 0.24 0.6666666666666666 0.44 0.045454545454545456
Longest average waiting time client: 13.2

Average time spent in system:
31.76923076923077 30.181818181818183 31.689655172413794 30.75 33.275862068965516 32.69230769230769 31.217391304347824 33.36 29.75 30.666666666666668 30.636363636363637 31.03846153846154 30.26923076923077 30.2 30.916666666666668 31.333333333333332 33.42857142857143 30.65 30.53846153846154 31.615384615384617 33.629629629629626 33.57692307692308 30.807692307692307 32.375 31.44 30.09090909090909 33.76 31.26086956521739 31.09090909090909 30.689655172413794 31.28 31.5 30.76 30.095238095238095 32.0 30.884615384615383 30.695652173913043 33.93103448275862 33.82142857142857 30.782608695652176 35.36666666666667 39.2 30.857142857142858 31.25 32.793103448275865 31.44 31.458333333333332 32.666666666666664 30.136363636363637 30.217391304347824 30.454545454545453 32.19230769230769 30.56 30.88 32.0 30.64 30.285714285714285 30.0 30.692307692307693 35.354838709677416 30.703703703703702 30.15 31.482758620689655 31.653846153846153 32.42857142857143 30.576923076923077 32.44 31.185185185185187 32.67857142857143 30.095238095238095 31.40740740740741 30.043478260869566 31.96153846153846 30.434782608695652 30.208333333333332 30.23076923076923 30.304347826086957 30.76 32.42307692307692 30.26923076923077 30.678571428571427 30.73913043478261 31.14814814814815 32.357142857142854 31.16 30.347826086956523 30.0 30.416666666666668 29.782608695652176 31.68 35.04 32.04 30.47826086956522 30.083333333333332 30.884615384615383 30.09090909090909 30.5 30.26086956521739 31.304347826086957 30.35 32.464285714285715 30.52173913043478 30.6 31.08 30.15 31.52 43.266666666666666 31.73076923076923 31.47826086956522 30.08695652173913 29.91304347826087 33.23076923076923 31.153846153846153 31.958333333333332 30.51851851851852 33.4 30.47826086956522 30.304347826086957 29.869565217391305 30.0 30.56 31.12 32.629629629629626 33.241379310344826 30.130434782608695 30.36 33.73076923076923 30.923076923076923 31.74074074074074 30.272727272727273 30.136363636363637 30.458333333333332 30.24 33.333333333333336 30.59090909090909 30.615384615384617 30.565217391304348 30.653846153846153 30.0 35.16 32.51851851851852 32.03846153846154 30.695652173913043 32.875 32.07142857142857 31.24 30.17391304347826 30.925925925925927 29.782608695652176 31.2 29.863636363636363 31.384615384615383 31.583333333333332 31.307692307692307 30.391304347826086 30.041666666666668 31.041666666666668 30.09090909090909 33.15384615384615 31.5 30.75 36.03846153846154 33.07142857142857 30.4 29.954545454545453 31.82608695652174 30.625 36.10344827586207 32.57142857142857 29.90909090909091 30.136363636363637 31.318181818181817 30.25 30.48 30.653846153846153 30.12 30.5 29.782608695652176 30.272727272727273 30.615384615384617 31.576923076923077 30.962962962962962 30.5 30.346153846153847 38.06666666666667 30.964285714285715 30.0 29.952380952380953 30.68 29.88888888888889 33.041666666666664 30.130434782608695 30.08 33.193548387096776 30.583333333333332 30.416666666666668 30.608695652173914 34.11538461538461 32.32 38.111111111111114 35.08 30.043478260869566 29.818181818181817 30.041666666666668 30.434782608695652 33.22222222222222 31.035714285714285 30.416666666666668 33.04 34.5 30.12 30.25925925925926 38.11538461538461 33.48 36.5 30.666666666666668 31.125 32.892857142857146 31.59259259259259 30.76 34.392857142857146 31.64 30.869565217391305 30.291666666666668 30.095238095238095 30.0 29.90909090909091 31.28 31.96 30.96153846153846 32.333333333333336 30.636363636363637 30.82608695652174 30.814814814814813 29.95 30.272727272727273 30.892857142857142 36.13333333333333 30.041666666666668 32.30769230769231 29.608695652173914 30.52173913043478 31.615384615384617 31.0 30.17391304347826 30.5 30.36 30.625 30.44 29.90909090909091
Longest average time spent in system: 43.266666666666666

Maximum waiting times (Client):
13 0 12 8 26 23 26 22 0 11 13 8 3 3 14 13 17 13 4 10 26 15 10 18 23 4 13 9 15 5 12 11 6 2 16 8 9 21 19 8 22 41 10 17 25 10 9 25 6 0 3 16 7 8 17 7 7 2 12 23 6 0 13 19 12 5 21 11 22 1 14 0 23 6 6 7 2 9 19 4 7 6 18 19 13 6 1 5 0 15 21 17 6 0 12 3 5 0 14 5 9 7 10 9 2 12 42 13 9 6 5 22 13 15 7 20 3 5 1 1 8 10 15 16 3 11 23 9 14 0 0 8 6 14 7 8 9 5 3 28 13 19 14 17 15 13 0 18 0 12 0 14 19 11 3 3 12 3 21 12 8 38 26 6 0 12 13 48 14 0 6 14 7 4 8 4 5 2 3 7 13 15 9 10 47 12 4 2 9 2 16 4 0 24 8 12 12 23 17 34 23 0 0 0 10 26 10 9 22 32 3 4 38 27 30 12 14 25 10 11 23 26 9 7 5 5 0 10 7 13 18 7 9 7 0 8 10 31 1 25 0 6 14 18 5 9 6 9 8 1
Overall largest waiting time (Client): 48

Maximum time spent in system:
42 31 43 38 57 53 57 52 31 42 43 38 33 33 44 43 47 43 34 41 55 47 40 49 52 35 43 39 45 35 41 42 36 32 46 37 39 50 49 38 52 70 40 47 56 40 40 54 36 33 35 46 37 38 46 37 37 33 42 53 37 31 43 49 42 34 50 41 52 32 44 31 54 36 36 37 32 39 48 34 37 36 48 50 42 36 32 35 31 45 52 47 36 31 43 32 35 32 45 35 39 36 39 39 31 42 73 43 39 36 35 51 43 45 37 52 33 35 31 32 38 39 45 46 34 41 53 39 43 32 32 38 35 45 37 37 38 35 32 57 44 49 43 48 45 43 31 48 30 42 31 44 51 41 33 33 42 33 51 42 39 67 56 37 31 42 43 79 44 32 35 42 37 34 38 34 36 32 33 37 43 45 39 39 78 41 34 31 39 32 45 33 32 52 38 42 42 53 48 64 56 31 32 31 40 56 41 38 52 62 32 34 68 57 60 41 44 56 40 41 53 56 40 38 35 35 31 40 38 45 48 35 39 37 32 39 40 61 33 55 30 36 44 48 36 39 37 39 37 31
Overall largest time spent in system (Client): 79

Time spent serving Clients (mins):
422 360 392 272 425 390 386 336 428 391 420 360 389 301 389 363 388 326 387 333 361 300 395 358 391 359 391 361 422 302 418 300 451 392 362 238 424 358 453 331 393 392 424 362 390 356 390 330 417 329 358 300 418 332 387 301 393 271 423 389 391 361 422 359 419 332 391 239 418 415 391 391 390 299 450 421 417 416 383 309 452 449 447 447 451 386 389 330 418 418 390 360 396 334 449 420 358 299 361 334 362 305 389 338 420 331 425 332 385 360 422 331 357 242 387 299 422 361 483 451 424 364 362 241 416 426 418 360 450 388 390 363 451 303 420 390 447 390 393 238 421 391 418 273 414 362 392 301 387 331 388 356 358 335 389 331 418 361 422 358 421 419 364 329 419 387 421 396 417 301 393 299 387 332 386 334 358 327 385 357 392 360 358 362 360 332 359 363 391 332 389 269 363 360 393 303 391 301 358 241 451 398 365 330 389 355 422 331 360 241 391 359 451 423 387 391 393 301 390 296 387 296 421 360 420 327 359 365 418 389 482 423 395 303 389 300 387 299 391 268 390 360 386 362 419 385 448 425 388 299 384 361 388 391 421 360 417 392 363 303 363 300 358 359 391 329 448 362 364 300 391 390 358 331 422 360 384 303 395 357 414 386 391 391 386 299 395 331 420 421 390 363 363 331 420 361 357 298 392 361 355 302 420 362 388 333 419 363 392 304 417 300 386 330 389 270 388 360 393 331 395 325 422 363 422 359 424 328 328 331 359 334 388 328 449 425 425 416 358 300 358 299 357 301 361 327 393 364 391 392 393 355 362 365 388 265 360 273 419 359 422 360 422 356 356 361 388 323 453 454 420 424 357 359 329 298 392 358 414 386 390 333 392 296 392 331 449 421 417 300 390 328 330 269 389 390 418 331 423 387 390 358 392 299 331 325 391 330 393 294 417 387 420 419 359 359 418 330 446 393 390 329 446 364 418 360 391 360 450 446 389 326 389 330 421 417 392 422 422 335 455 389 392 363 361 301 390 330 357 270 388 294 386 272 420 330 422 332 418 361 417 301 364 300 360 333 425 356 331 268 360 298 444 361 478 422 390 329 424 331 353 298 360 335 392 366 388 386 360 329 388 333 425 328 387 332 390 360 329 328
Most time spent serving Clients: 483
Mean:	370.844
Median:	384.5
Mode:	360

Time spent idle (Server, mins):
109 171 120 240 93 128 136 186 115 152 112 172 158 246 142 168 140 202 149 203 167 228 127 164 139 171 138 168 111 231 126 244 68 127 163 287 99 165 88 210 141 142 90 152 148 182 140 200 109 197 157 215 118 204 154 240 123 245 117 151 150 180 117 180 112 199 127 279 106 109 139 139 131 222 90 119 117 118 146 220 85 88 91 91 98 163 148 207 127 127 146 176 116 178 92 121 164 223 156 183 163 220 130 181 106 195 104 197 153 178 114 205 165 280 150 238 117 178 67 99 118 178 167 288 122 112 118 176 82 144 126 153 86 234 118 148 105 162 128 283 118 148 117 262 114 166 141 232 138 194 153 185 174 197 160 218 115 172 110 174 111 113 159 194 139 171 117 142 122 238 124 218 140 195 137 189 178 209 126 154 133 165 192 188 176 204 166 162 146 205 148 268 158 161 146 236 149 239 179 296 75 128 145 180 141 175 105 196 170 289 131 163 72 100 142 138 136 228 146 240 138 229 118 179 120 213 163 157 114 143 58 117 143 235 141 230 151 239 142 265 134 164 137 161 128 162 89 112 137 226 156 179 154 151 118 179 109 134 152 212 163 226 164 163 141 203 83 169 160 224 153 154 170 197 118 180 142 223 118 156 114 142 142 142 155 242 136 200 127 126 136 163 156 188 138 197 163 222 147 178 155 208 116 174 140 195 122 178 140 228 117 234 146 202 136 255 136 164 145 207 145 215 106 165 100 163 104 200 200 197 177 202 143 203 107 131 116 125 179 237 174 233 165 221 180 214 133 162 150 149 139 177 178 175 143 266 161 248 105 165 111 173 109 175 168 163 144 209 91 90 122 118 183 181 181 212 141 175 103 131 134 191 129 225 129 190 89 117 118 235 134 196 192 253 145 144 104 191 94 130 142 174 126 219 192 198 126 187 117 216 120 150 110 111 170 170 113 201 107 160 146 207 94 176 92 150 159 190 71 75 132 195 137 196 102 106 129 99 111 198 101 167 141 170 167 227 139 199 175 262 139 233 125 239 112 202 103 193 109 166 117 233 179 243 175 202 107 176 191 254 174 236 87 170 56 112 151 212 104 197 179 234 168 193 144 170 138 140 169 200 140 195 108 205 138 193 140 170 194 195
Longest time spent idle (Server): 296
Mean:	160.1
Median:	155.5
Mode:	118

Average system size (num active customers):
3.0772128060263655 2.63671875 3.2857142857142856 2.842911877394636 3.2246777163904237 3.112781954887218 2.6160877513711154 3.0338983050847457 2.75 2.7611940298507465 2.570075757575758 2.978927203065134 2.8867924528301887 2.896030245746692 2.795497185741088 2.7463235294117645 3.4816955684007707 2.3485714285714288 3.063097514340344 3.0166358595194085 3.162921348314607 3.2782101167315174 2.866171003717472 2.869811320754717 2.9600760456273765 2.6058252427184465 3.0205223880597014 2.6432532347504623 2.6550387596899223 3.0907407407407406 2.8817005545286505 3.0166975881261595 2.9096045197740112 2.476833976833977 3.3530534351145036 3.039622641509434 2.7216890595009597 3.488888888888889 3.385767790262172 2.6899810964083177 3.7094972067039107 3.903345724907063 3.1493624772313296 2.7802607076350094 3.2752293577981653 2.912313432835821 2.947265625 3.4158964879852127 2.57088122605364 2.733075435203095 2.5885714285714285 2.9460500963391136 2.9277566539923954 2.937618147448015 2.9182156133828996 2.8805970149253732 2.346743295019157 2.601489757914339 2.981447124304267 3.747272727272727 2.9760147601476015 2.31758034026465 3.2565055762081783 3.03544776119403 3.3345864661654137 2.99031007751938 2.9608938547486034 3.120817843866171 3.2246376811594204 2.4644913627639156 3.1298701298701297 2.6261682242990654 3.0928030303030303 2.6566604127579736 2.7942857142857145 2.8188539741219962 2.656015037593985 2.7012750455373404 3.0919324577861165 2.994360902255639 3.2462406015037595 2.7208413001912044 3.0 3.197026022304833 2.7680890538033394 2.733075435203095 2.7760910815939277 2.8183556405353727 2.5988805970149254 3.050880626223092 3.1485714285714286 2.7545454545454544 2.6417910447761193 2.796190476190476 2.7746741154562384 2.4990689013035383 2.838771593090211 2.6252319109461966 2.6574074074074074 2.283054003724395 3.3954372623574143 2.784313725490196 2.8943396226415095 2.950664136622391 2.309433962264151 2.9942528735632186 4.154875717017209 3.0793950850661624 2.724007561436673 2.6138059701492535 2.6552380952380954 3.1001855287569575 2.8759259259259258 2.9022988505747125 3.1165413533834587 3.587037037037037 2.643122676579926 2.658490566037736 2.5947955390334574 2.5159474671669795 2.937022900763359 2.9655831739961758 3.129798903107861 3.474860335195531 2.6723809523809523 2.8314814814814815 3.103321033210332 2.9888682745825603 3.2186311787072244 2.629126213592233 2.5627376425855513 2.8199233716475094 2.7650375939849625 3.2711864406779663 2.5935114503816794 2.9466911764705883 2.679924242424242 2.9722222222222223 2.661596958174905 3.2280701754385963 3.2291666666666665 3.078799249530957 2.613678373382625 2.8983050847457625 3.2303473491773307 2.963878326996198 2.71868978805395 2.8870967741935485 2.5615384615384613 2.8905380333951762 2.619607843137255 3.029850746268657 2.846590909090909 2.9981515711645104 2.6654135338345863 2.737827715355805 2.7913533834586466 2.558095238095238 3.062977099236641 2.795539033457249 2.7444444444444445 3.3106060606060606 3.2049808429118776 2.9109848484848486 2.537878787878788 2.701492537313433 2.7777777777777777 3.5071942446043165 3.292051756007394 2.4916201117318435 2.5225563909774436 2.6226053639846745 2.6007393715341958 2.935361216730038 2.9685767097966727 2.8684210526315788 2.7462962962962965 2.504708097928437 2.476007677543186 3.053435114503817 3.0562851782363976 3.0282485875706215 2.8110687022900764 2.75 3.8216911764705883 3.208487084870849 2.7037037037037037 2.503921568627451 2.893058161350844 3.160541586073501 2.9389312977099236 2.6948176583493284 2.8214971209213053 3.473977695167286 2.7570093457943927 2.8091603053435112 2.3620689655172415 3.168539325842697 3.0306513409961684 3.609284332688588 3.101503759398496 2.712355212355212 2.5506692160611855 2.8355899419729207 2.764705882352941 3.217877094972067 3.2754716981132077 2.782608695652174 3.0112994350282487 3.3146473779385173 2.735074626865672 3.062962962962963 3.519607843137255 2.9327272727272726 3.8790786948176583 2.831094049904031 2.832699619771863 3.4168260038240916 3.251439539347409 2.9099437148217637 3.300359712230216 2.947467166979362 2.5833333333333335 2.780718336483932 2.406015037593985 2.6470588235294117 2.6183953033268104 2.9266917293233083 3.005714285714286 3.0550284629981026 2.842696629213483 2.5046040515653774 2.663551401869159 3.0225563909774436 2.3333333333333335 2.5205992509363297 3.1393596986817327 3.7715355805243447 2.7060998151571165 3.0113636363636362 2.488721804511278 2.6893939393939394 2.9384328358208953 3.053231939163498 2.6578449905482042 2.797348484848485 2.8836772983114445 2.815238095238095 2.8981132075471696 2.5564053537284894
Largest average system size: 4.154875717017209

Average queue size:
0.1318267419962335 0.04296875 0.138996138996139 0.07662835249042145 0.20810313075506445 0.18045112781954886 0.09323583180987204 0.2015065913370998 0.045454545454545456 0.07462686567164178 0.06628787878787878 0.09386973180076628 0.05660377358490566 0.052930056710775046 0.07879924953095685 0.10661764705882353 0.23314065510597304 0.06285714285714286 0.07265774378585087 0.11829944547134935 0.22284644194756553 0.2198443579766537 0.09293680297397769 0.15283018867924528 0.12357414448669202 0.05048543689320388 0.22201492537313433 0.09981515711645102 0.08139534883720931 0.08333333333333333 0.10166358595194085 0.11873840445269017 0.08097928436911488 0.0444015444015444 0.1736641221374046 0.08867924528301886 0.07677543186180422 0.26296296296296295 0.26591760299625467 0.07372400756143667 0.3538175046554935 0.5799256505576208 0.10018214936247723 0.10242085661080075 0.20733944954128442 0.11380597014925373 0.095703125 0.2033271719038817 0.05363984674329502 0.04448742746615087 0.047619047619047616 0.14450867052023122 0.07224334600760456 0.07561436672967864 0.14869888475836432 0.0708955223880597 0.05172413793103448 0.04655493482309125 0.07606679035250463 0.3509090909090909 0.06826568265682657 0.03780718336483932 0.12639405204460966 0.13246268656716417 0.18421052631578946 0.07170542635658915 0.1527001862197393 0.10966542750929369 0.19202898550724637 0.04222648752399232 0.11688311688311688 0.04299065420560748 0.1534090909090909 0.05628517823639775 0.05904761904761905 0.06839186691312385 0.05075187969924812 0.07832422586520947 0.16885553470919323 0.06203007518796992 0.08834586466165413 0.07074569789674952 0.1111111111111111 0.15985130111524162 0.1038961038961039 0.05609284332688588 0.04743833017077799 0.06500956022944551 0.04291044776119403 0.14677103718199608 0.2838095238095238 0.13636363636363635 0.05970149253731343 0.045714285714285714 0.08193668528864059 0.048417132216014895 0.06333973128598848 0.04267161410018553 0.09444444444444444 0.0521415270018622 0.16730038022813687 0.058823529411764705 0.08679245283018867 0.09297912713472485 0.04150943396226415 0.1206896551724138 0.8126195028680688 0.13799621928166353 0.1001890359168242 0.054104477611940295 0.05333333333333334 0.20222634508348794 0.10925925925925926 0.12835249042145594 0.08270676691729323 0.2351851851851852 0.048327137546468404 0.05849056603773585 0.04460966542750929 0.043151969981238276 0.07442748091603053 0.10516252390057361 0.19012797074954296 0.22346368715083798 0.05523809523809524 0.07222222222222222 0.22878228782287824 0.09090909090909091 0.14258555133079848 0.04271844660194175 0.04182509505703422 0.07279693486590039 0.05827067669172932 0.22033898305084745 0.05916030534351145 0.07536764705882353 0.07007575757575757 0.07592592592592592 0.049429657794676805 0.2962962962962963 0.19886363636363635 0.14446529080675422 0.08133086876155268 0.1638418079096045 0.15539305301645337 0.10076045627376426 0.04431599229287091 0.08781362007168458 0.04230769230769231 0.09647495361781076 0.043137254901960784 0.11194029850746269 0.11553030303030302 0.10720887245841035 0.04887218045112782 0.052434456928838954 0.09962406015037593 0.047619047619047616 0.20801526717557253 0.10408921933085502 0.07777777777777778 0.3371212121212121 0.21264367816091953 0.0625 0.041666666666666664 0.11567164179104478 0.08097928436911488 0.36330935251798563 0.18299445471349354 0.040968342644320296 0.05263157894736842 0.10153256704980843 0.05730129390018484 0.057034220532319393 0.07393715341959335 0.05639097744360902 0.053703703703703705 0.04519774011299435 0.046065259117082535 0.08396946564885496 0.12195121951219512 0.09792843691148775 0.07442748091603053 0.07706766917293233 0.48713235294117646 0.0940959409594096 0.05185185185185185 0.045098039215686274 0.07879924953095685 0.06576402321083172 0.17938931297709923 0.053742802303262956 0.046065259117082535 0.23977695167286245 0.07663551401869159 0.06870229007633588 0.06704980842911877 0.250936329588015 0.16091954022988506 0.4758220502901354 0.2894736842105263 0.0444015444015444 0.04206500956022945 0.04642166344294004 0.07058823529411765 0.22346368715083798 0.10943396226415095 0.06805293005671077 0.19397363465160075 0.28028933092224234 0.05223880597014925 0.06296296296296296 0.46862745098039216 0.2018181818181818 0.43953934740882916 0.08637236084452975 0.09885931558935361 0.21223709369024857 0.12667946257197696 0.06941838649155722 0.2643884892086331 0.11444652908067542 0.07575757575757576 0.05860113421550094 0.04887218045112782 0.058823529411764705 0.043052837573385516 0.10714285714285714 0.13333333333333333 0.09867172675521822 0.15355805243445692 0.058931860036832415 0.07289719626168224 0.08646616541353383 0.038314176245210725 0.056179775280898875 0.10734463276836158 0.40074906367041196 0.04805914972273567 0.15151515151515152 0.041353383458646614 0.056818181818181816 0.11007462686567164 0.11026615969581749 0.052930056710775046 0.06628787878787878 0.058161350844277676 0.0761904761904762 0.06792452830188679 0.04397705544933078
Largest average queue size: 0.8126195028680688

Finishing times (Last Client arrival is at or before 510 mins):
531 512 518 522 543 532 547 531 528 536 528 522 530 529 533 544 519 525 523 541 534 514 538 530 526 515 536 541 516 540 541 539 531 518 524 530 521 540 534 529 537 538 549 537 545 536 512 541 522 517 525 519 526 529 538 536 522 537 539 550 542 529 538 536 532 516 537 538 552 521 539 535 528 533 525 541 532 549 533 532 532 523 558 538 539 517 527 523 536 511 525 550 536 525 537 537 521 539 540 537 526 510 530 527 530 522 523 529 529 536 525 539 540 522 532 540 538 530 538 533 524 523 547 537 525 540 542 539 526 515 526 522 532 531 524 544 528 540 526 513 528 533 541 531 547 526 519 558 520 539 510 536 528 541 532 534 532 525 524 538 540 528 522 528 528 536 531 556 541 537 532 522 541 526 541 532 540 531 521 524 533 531 524 532 544 542 540 510 533 517 524 521 521 538 535 524 522 534 522 517 532 518 523 517 510 537 530 529 531 553 536 540 510 550 521 521 526 523 521 533 556 533 528 529 532 527 511 532 525 527 534 543 535 532 522 534 531 534 541 528 532 528 536 526 529 528 533 525 530 523
Latest finishing time: 558
Median: 531
