PARAMS: 
length of sim in minutes 1000
arrivalRate 6.0
areArrivalsExpDisted false
serviceRate 4.0
numServers 2
freqOfSpecialClients -1
numSimulations 100
Average waiting times (Client): 
23.957 22.479 23.815 23.902 23.99 23.973 23.537 23.734 23.676 23.975 23.855 23.919 23.894 23.887 23.843 24.002 24.029 23.736 23.563 23.869 24.065 23.59 24.103 23.341 22.974 23.107 24.125 24.115 23.973 24.098 23.669 23.318 23.901 23.525 23.404 23.86 23.376 23.833 23.581 24.003 23.839 23.428 22.886 23.105 23.176 24.06 22.177 23.917 23.384 24.088 24.137 24.055 23.977 23.953 23.184 24.159 23.242 24.021 23.545 23.946 23.361 24.212 23.982 23.982 24.072 23.798 24.242 24.173 24.196 24.036 23.798 23.813 23.268 24.056 22.946 23.698 24.032 24.095 24.038 23.642 23.372 23.248 23.755 23.992 23.564 23.632 23.535 23.873 24.046 24.046 23.625 24.266 23.915 23.771 23.845 23.888 23.438 24.092 23.369 23.67 
Average time spent in system: 
38.957 37.479 38.815 38.902 38.99 38.973 38.537 38.734 38.676 38.975 38.855 38.919 38.894 38.887 38.843 39.002 39.029 38.736 38.563 38.869 39.065 38.59 39.103 38.341 37.974 38.107 39.125 39.115 38.973 39.098 38.669 38.318 38.901 38.525 38.404 38.86 38.376 38.833 38.581 39.003 38.839 38.428 37.886 38.105 38.176 39.06 37.177 38.917 38.384 39.088 39.137 39.055 38.977 38.953 38.184 39.159 38.242 39.021 38.545 38.946 38.361 39.212 38.982 38.982 39.072 38.798 39.242 39.173 39.196 39.036 38.798 38.813 38.268 39.056 37.946 38.698 39.032 39.095 39.038 38.642 38.372 38.248 38.755 38.992 38.564 38.632 38.535 38.873 39.046 39.046 38.625 39.266 38.915 38.771 38.845 38.888 38.438 39.092 38.369 38.67 
Maximum waiting times (Client): 
977 968 965 964 967 971 976 973 967 968 966 972 969 970 973 971 970 969 970 968 972 965 967 975 966 968 972 972 973 968 966 967 963 965 979 968 968 965 970 967 966 964 970 975 967 970 970 968 969 967 970 967 974 972 970 970 967 971 964 966 970 954 967 965 972 967 970 966 974 969 964 963 970 969 969 974 971 970 970 970 970 965 972 973 973 967 971 974 966 974 968 970 975 967 969 973 971 967 973 971 
Maximum time spent in system: 
992 983 980 979 982 986 991 988 982 983 981 987 984 985 988 986 985 984 985 983 987 980 982 990 981 983 987 987 988 983 981 982 978 980 994 983 983 980 985 982 981 979 985 990 982 985 985 983 984 982 985 982 989 987 985 985 982 986 979 981 985 969 982 980 987 982 985 981 989 984 979 978 985 984 984 989 986 985 985 985 985 980 987 988 988 982 986 989 981 989 983 985 990 982 984 988 986 982 988 986 
Time spent serving Clients (mins): 
0 0 0 0 0 0 0 0 0 0 0 0 0 0 0 0 0 0 0 0 0 0 0 0 0 0 0 0 0 0 0 0 0 0 0 0 0 0 0 0 0 0 0 0 0 0 0 0 0 0 0 0 0 0 0 0 0 0 0 0 0 0 0 0 0 0 0 0 0 0 0 0 0 0 0 0 0 0 0 0 0 0 0 0 0 0 0 0 0 0 0 0 0 0 0 0 0 0 0 0 0 0 0 0 0 0 0 0 0 0 0 0 0 0 0 0 0 0 0 0 0 0 0 0 0 0 0 0 0 0 0 0 0 0 0 0 0 0 0 0 0 0 0 0 0 0 0 0 0 0 0 0 0 0 0 0 0 0 0 0 0 0 0 0 0 0 0 0 0 0 0 0 0 0 0 0 0 0 0 0 0 0 0 0 0 0 0 0 0 0 0 0 0 0 0 0 0 0 0 0 
Time spent idle (Server, mins): 
1000 1000 1000 1000 1000 1000 1000 1000 1000 1000 1000 1000 1000 1000 1000 1000 1000 1000 1000 1000 1000 1000 1000 1000 1000 1000 1000 1000 1000 1000 1000 1000 1000 1000 1000 1000 1000 1000 1000 1000 1000 1000 1000 1000 1000 1000 1000 1000 1000 1000 1000 1000 1000 1000 1000 1000 1000 1000 1000 1000 1000 1000 1000 1000 1000 1000 1000 1000 1000 1000 1000 1000 1000 1000 1000 1000 1000 1000 1000 1000 1000 1000 1000 1000 1000 1000 1000 1000 1000 1000 1000 1000 1000 1000 1000 1000 1000 1000 1000 1000 1000 1000 1000 1000 1000 1000 1000 1000 1000 1000 1000 1000 1000 1000 1000 1000 1000 1000 1000 1000 1000 1000 1000 1000 1000 1000 1000 1000 1000 1000 1000 1000 1000 1000 1000 1000 1000 1000 1000 1000 1000 1000 1000 1000 1000 1000 1000 1000 1000 1000 1000 1000 1000 1000 1000 1000 1000 1000 1000 1000 1000 1000 1000 1000 1000 1000 1000 1000 1000 1000 1000 1000 1000 1000 1000 1000 1000 1000 1000 1000 1000 1000 1000 1000 1000 1000 1000 1000 1000 1000 1000 1000 1000 1000 1000 1000 1000 1000 1000 1000 
Average system size (num active cusomers): 
23.957 22.479 23.815 23.902 23.99 23.973 23.537 23.734 23.676 23.975 23.855 23.919 23.894 23.887 23.843 24.002 24.029 23.736 23.563 23.869 24.065 23.59 24.103 23.341 22.974 23.107 24.125 24.115 23.973 24.098 23.669 23.318 23.901 23.525 23.404 23.86 23.376 23.833 23.581 24.003 23.839 23.428 22.886 23.105 23.176 24.06 22.177 23.917 23.384 24.088 24.137 24.055 23.977 23.953 23.184 24.159 23.242 24.021 23.545 23.946 23.361 24.212 23.982 23.982 24.072 23.798 24.242 24.173 24.196 24.036 23.798 23.813 23.268 24.056 22.946 23.698 24.032 24.095 24.038 23.642 23.372 23.248 23.755 23.992 23.564 23.632 23.535 23.873 24.046 24.046 23.625 24.266 23.915 23.771 23.845 23.888 23.438 24.092 23.369 23.67 
Average queue size: 
23.957 22.479 23.815 23.902 23.99 23.973 23.537 23.734 23.676 23.975 23.855 23.919 23.894 23.887 23.843 24.002 24.029 23.736 23.563 23.869 24.065 23.59 24.103 23.341 22.974 23.107 24.125 24.115 23.973 24.098 23.669 23.318 23.901 23.525 23.404 23.86 23.376 23.833 23.581 24.003 23.839 23.428 22.886 23.105 23.176 24.06 22.177 23.917 23.384 24.088 24.137 24.055 23.977 23.953 23.184 24.159 23.242 24.021 23.545 23.946 23.361 24.212 23.982 23.982 24.072 23.798 24.242 24.173 24.196 24.036 23.798 23.813 23.268 24.056 22.946 23.698 24.032 24.095 24.038 23.642 23.372 23.248 23.755 23.992 23.564 23.632 23.535 23.873 24.046 24.046 23.625 24.266 23.915 23.771 23.845 23.888 23.438 24.092 23.369 23.67 