PARAMS:
Length of simulation (mins): 510
Arrival rate (lambda): 6.0
Service rate (mu): 4.0
Number of servers: 2
Traffic Intensity (assuming no special clients): 0.75
Vars are Exponentially Distributed.
There are no special clients.
Number of Simulations 250
========================================

Average waiting times (Client):
0.0 0.0 0.0 0.0 0.06 0.0 0.0 0.0 0.06 0.0 0.0 0.0 0.0 0.0 0.0 0.0 0.0 0.0 0.0 0.02 0.0 0.0 0.0 0.02 0.04 0.04 0.0 0.0 0.0 0.0 0.0 0.0 0.0 0.0 0.0 0.0 0.0 0.04 0.0 0.0 0.0 0.0 0.0 0.04 0.0 0.0 0.0 0.0 0.0 0.0 0.02 0.0 0.0 0.0 0.0 0.0 0.0 0.0 0.02 0.0 0.04 0.0 0.0 0.0 0.02 0.0 0.0 0.0 0.0 0.0 0.0 0.02 0.0 0.0 0.04 0.0 0.0 0.06 0.0 0.0 0.0 0.0 0.0 0.04 0.0 0.02 0.0 0.0 0.0 0.0 0.0 0.0 0.0 0.0 0.0 0.0 0.0 0.0 0.0 0.02 0.0 0.0 0.0 0.0 0.02 0.0 0.0 0.0 0.0 0.06 0.0 0.0 0.0 0.02 0.0 0.02 0.0 0.0 0.0 0.04 0.0 0.0 0.0 0.04 0.0 0.0 0.0 0.04 0.0 0.04 0.0 0.0 0.0 0.0 0.0 0.0 0.0 0.0 0.04 0.0 0.0 0.0 0.0 0.02 0.0 0.0 0.02 0.0 0.0 0.0 0.0 0.0 0.0 0.0 0.0 0.0 0.02 0.0 0.0 0.02 0.0 0.0 0.0 0.0 0.0 0.0 0.0 0.0 0.0 0.04 0.0 0.0 0.02 0.0 0.04 0.0 0.0 0.0 0.0 0.0 0.06 0.0 0.0 0.0 0.0 0.0 0.06 0.0 0.0 0.0 0.0 0.0 0.0 0.0 0.0 0.0 0.0 0.0 0.0 0.04 0.0 0.0 0.0 0.0 0.0 0.0 0.0 0.0 0.0 0.0 0.0 0.0 0.0 0.0 0.0 0.0 0.0 0.0 0.0 0.0 0.0 0.0 0.02 0.02 0.0 0.0 0.0 0.0 0.0 0.0 0.0 0.0 0.0 0.04 0.0 0.0 0.0 0.0 0.02 0.02 0.0 0.0 0.0 0.0 0.0 0.0 0.04 0.04 0.0 0.0
Longest average waiting time client: 0.06
Mean: 0.00592
Median:	0
Mode:	0.0

Average time spent in system:
14.94 15.02 14.86 15.06 15.0 15.0 14.92 15.1 14.98 15.0 14.92 15.02 15.0 14.88 15.16 15.08 14.98 14.96 14.9 15.04 15.04 14.92 15.1 15.06 14.92 15.26 15.02 15.08 15.04 14.9 14.82 15.04 14.98 14.92 15.02 14.84 14.96 14.8 14.88 15.02 14.96 15.08 15.02 15.22 15.08 15.1 14.98 15.14 14.94 15.16 15.14 15.06 15.02 15.06 15.0 14.84 15.08 14.84 15.2 15.0 15.06 15.06 14.96 15.06 15.06 15.04 15.1 15.18 15.06 15.08 14.96 15.0 15.12 15.12 15.16 15.16 14.94 15.08 14.94 15.12 15.06 15.04 14.94 14.98 15.08 15.04 15.04 15.0 15.04 15.16 15.0 15.02 14.8 14.98 15.04 14.98 14.92 15.04 15.06 15.04 15.02 15.08 15.26 15.02 14.94 14.9 14.9 15.04 15.14 15.1 15.24 14.92 15.12 15.16 14.82 14.96 14.96 15.14 15.04 15.04 15.04 15.04 15.08 15.2 14.92 15.08 14.96 14.84 14.9 15.08 14.74 15.04 14.86 15.04 15.08 14.98 15.02 14.78 14.98 15.08 15.14 15.1 15.06 15.08 14.98 15.08 15.26 15.02 15.04 15.0 15.0 14.98 14.92 14.98 15.04 15.06 14.96 14.86 15.2 15.12 15.06 14.96 14.96 14.94 14.9 15.12 15.1 15.02 14.92 14.82 15.06 14.92 14.88 15.08 15.0 15.06 15.04 15.04 14.94 14.92 15.0 14.96 14.94 15.1 14.96 14.9 15.12 15.06 15.08 14.96 15.02 14.98 15.08 14.92 14.92 15.02 14.96 15.06 15.06 15.04 14.8 14.88 15.18 14.86 15.04 14.84 15.02 15.02 15.02 15.08 14.96 15.04 15.08 14.96 14.92 14.9 15.1 15.06 15.02 15.06 15.24 14.96 15.02 15.1 14.96 15.04 15.16 15.14 14.92 15.18 15.04 14.98 14.86 14.94 15.16 14.96 14.9 15.06 14.98 15.1 15.08 15.08 15.04 14.86 14.92 15.12 14.98 14.98 14.98 15.02
Longest average time spent in system: 15.26
Mean:	15.01512
Median:	15.02
Mode:	15.04

Maximum waiting times (Client):
0 0 0 0 2 0 0 0 2 0 0 0 0 0 0 0 0 0 0 1 0 0 0 1 2 2 0 0 0 0 0 0 0 0 0 0 0 2 0 0 0 0 0 2 0 0 0 0 0 0 1 0 0 0 0 0 0 0 1 0 2 0 0 0 1 0 0 0 0 0 0 1 0 0 2 0 0 3 0 0 0 0 0 2 0 1 0 0 0 0 0 0 0 0 0 0 0 0 0 1 0 0 0 0 1 0 0 0 0 3 0 0 0 1 0 1 0 0 0 2 0 0 0 2 0 0 0 1 0 2 0 0 0 0 0 0 0 0 2 0 0 0 0 1 0 0 1 0 0 0 0 0 0 0 0 0 1 0 0 1 0 0 0 0 0 0 0 0 0 2 0 0 1 0 1 0 0 0 0 0 2 0 0 0 0 0 3 0 0 0 0 0 0 0 0 0 0 0 0 2 0 0 0 0 0 0 0 0 0 0 0 0 0 0 0 0 0 0 0 0 0 0 1 1 0 0 0 0 0 0 0 0 0 2 0 0 0 0 1 1 0 0 0 0 0 0 2 2 0 0
Overall largest waiting time (Client): 3

Maximum time spent in system:
16 17 16 16 18 17 16 16 17 17 17 16 17 17 17 17 18 17 17 17 16 17 17 17 17 17 16 17 19 16 16 17 16 16 17 16 16 17 17 17 17 16 17 17 17 16 17 16 18 17 16 17 17 17 16 16 17 16 17 17 17 17 17 16 16 17 16 17 17 17 20 17 17 17 17 17 17 18 17 19 17 17 16 18 16 17 17 16 16 17 19 16 17 16 17 17 16 18 16 17 16 17 17 17 17 16 17 16 17 18 17 17 17 17 17 17 16 17 16 16 17 17 18 18 17 17 16 16 17 18 17 17 16 17 16 16 18 17 17 17 17 17 16 17 16 17 21 17 17 16 17 17 17 17 16 17 17 17 17 17 18 18 16 16 17 17 17 16 16 17 17 17 16 16 16 17 18 17 16 17 17 16 17 17 16 17 17 16 16 17 17 17 17 17 16 17 17 16 17 17 16 16 16 16 17 16 16 17 16 17 17 17 18 17 17 16 17 17 17 17 18 17 17 17 16 18 17 17 16 16 17 20 16 17 17 17 18 16 16 18 17 17 17 16 18 17 17 18 16 17
Overall largest time spent in system (Client): 21

Time spent serving Clients (mins):
373 374 374 377 371 372 390 363 373 374 388 362 376 370 377 378 373 373 374 376 391 355 390 361 376 374 374 370 378 380 378 376 377 372 372 376 373 372 392 359 374 378 374 372 390 365 369 383 370 374 383 378 391 360 380 374 373 379 372 373 369 372 396 356 376 373 372 374 375 376 371 371 372 376 386 352 375 369 378 373 377 371 390 364 378 373 391 368 377 377 380 375 373 376 377 380 376 371 381 377 393 363 378 375 375 376 378 375 377 373 370 372 377 377 372 370 378 381 372 378 404 347 392 361 375 373 391 362 375 377 376 376 379 376 383 376 378 375 380 374 379 369 378 371 375 381 377 379 377 379 394 364 387 360 379 372 377 370 378 364 374 379 378 374 372 375 389 358 378 376 375 376 378 374 377 373 375 377 376 382 375 375 374 377 373 367 375 374 393 359 376 373 372 374 379 373 375 378 377 374 376 375 392 362 381 382 377 374 390 356 386 359 393 352 378 374 380 377 377 375 378 384 389 357 378 378 378 379 370 371 369 378 371 377 393 364 390 362 373 377 378 374 385 367 377 377 390 368 375 371 388 366 376 372 372 368 371 374 376 376 361 376 374 378 376 367 376 376 376 378 376 373 371 380 384 355 374 373 379 375 382 375 376 379 379 374 376 377 388 361 376 378 385 377 375 376 394 358 374 376 377 373 370 379 377 369 377 372 375 377 396 357 385 362 385 358 380 380 378 377 380 373 374 374 368 380 374 373 390 355 374 382 374 381 392 359 370 376 373 366 375 378 376 370 388 355 377 377 389 359 390 363 377 375 376 376 387 360 372 374 386 361 387 361 375 372 375 380 373 375 379 366 390 363 379 374 379 375 389 359 377 374 376 373 377 377 371 375 388 358 376 375 369 379 376 377 379 374 390 360 369 371 373 371 380 379 371 372 388 364 373 369 386 365 374 377 389 362 379 375 375 373 391 361 396 358 372 376 373 373 370 375 376 379 380 373 375 376 375 378 385 377 376 372 377 373 389 365 374 374 374 378 387 371 377 380 387 359 382 377 377 375 385 364 375 368 388 357 377 381 373 375 389 356 376 377 376 372 373 381 374 380 393 361 375 377 370 373 375 371 381 375 373 374 378 369 377 372 372 379
Most time spent serving Clients: 404
Median: 375

Time spent idle (Server, mins):
149 148 146 143 150 149 131 158 149 148 131 157 142 148 144 143 146 146 149 147 129 165 132 161 145 147 146 150 142 140 145 147 144 149 151 147 146 147 128 161 146 142 149 151 132 157 154 140 150 146 138 143 130 161 143 149 149 143 148 147 152 149 123 163 143 146 149 147 143 142 151 151 147 143 132 166 145 151 145 150 144 150 135 161 143 148 132 155 143 143 141 146 148 145 144 141 144 149 140 144 127 157 144 147 147 146 141 144 145 149 150 148 141 141 149 151 143 140 150 144 120 177 131 162 143 145 130 159 145 143 145 145 144 147 138 145 142 145 141 147 142 152 141 148 148 142 145 143 145 143 128 158 132 159 139 146 144 151 132 146 149 144 142 146 146 143 136 167 142 144 146 145 144 148 145 149 144 142 145 139 146 146 148 145 148 154 146 147 129 163 144 147 149 147 142 148 144 141 144 147 145 146 130 160 144 143 144 147 131 165 135 162 128 169 143 147 139 142 143 145 143 137 130 162 143 143 143 142 149 148 151 142 149 143 127 156 130 158 147 143 141 145 136 154 143 143 129 151 143 147 132 154 144 148 149 153 148 145 144 144 160 145 148 144 144 153 145 145 145 143 144 147 151 142 138 167 148 149 144 148 136 143 145 142 143 148 148 147 132 159 148 146 135 143 147 146 127 163 146 144 144 148 151 142 144 152 144 149 149 147 126 165 134 157 135 162 141 141 142 143 139 146 148 148 155 143 149 150 130 165 149 141 148 141 131 164 151 145 149 156 146 143 143 149 134 167 145 145 130 160 130 157 145 147 145 145 134 161 152 150 134 159 134 160 144 147 146 141 148 146 142 155 130 157 142 147 142 146 132 162 143 146 147 150 142 142 150 146 134 164 146 147 153 143 144 143 140 145 130 160 152 150 147 149 139 140 147 146 134 158 148 152 138 159 147 144 131 158 144 148 146 148 132 162 125 163 149 145 148 148 152 147 147 144 142 149 146 145 147 144 137 145 146 150 146 150 133 157 146 146 147 143 132 148 144 141 134 162 140 145 145 147 136 157 146 153 135 166 144 140 149 147 131 164 147 146 143 147 149 141 148 142 129 161 147 145 152 149 146 150 140 146 149 148 142 151 144 149 149 142
Longest time spent idle (Server): 177
Median:	146

Average system size (num active customers):
2.9578544061302683 2.9846153846153847 2.9481765834932823 2.986564299424184 2.9636015325670497 2.9865125240847785 2.976833976833977 2.9942418426103647 2.976878612716763 2.9636711281070744 2.9653846153846155 2.9731800766283527 2.9750479846449136 2.957692307692308 3.0115384615384615 2.9789674952198855 2.9712092130518233 2.956022944550669 2.9672447013487475 2.9865384615384616 2.9884615384615385 2.948374760994264 2.9885057471264367 2.973231357552581 2.9615384615384617 3.021113243761996 2.978886756238004 2.9789674952198855 2.9770114942528734 2.9615384615384617 2.9404990403071016 2.994219653179191 2.9826589595375723 2.9596928982725528 2.996138996138996 2.9386973180076628 2.978805394990366 2.9498069498069497 2.957692307692308 2.967495219885277 2.9673704414587334 2.967619047619048 2.978886756238004 3.0019120458891013 2.996153846153846 2.9942418426103647 2.9712092130518233 3.001919385796545 2.9692307692307693 3.0057581573896353 3.0057692307692307 2.9808429118773945 2.9731800766283527 2.998073217726397 2.9693486590038316 2.95 3.0077220077220077 2.944337811900192 3.0115163147792705 2.9693486590038316 2.9656488549618323 2.975143403441683 2.9845559845559846 2.986564299424184 2.9903846153846154 2.9827255278310942 2.982791586998088 3.0095969289827256 2.9923076923076923 2.9904030710172744 2.9673704414587334 2.984585741811175 2.9866156787762907 2.992337164750958 2.996168582375479 3.0 2.97495183044316 3.001930501930502 2.963531669865643 3.0058823529411764 2.975143403441683 2.9884615384615385 2.9806949806949805 2.9447619047619047 2.996153846153846 2.980806142034549 2.9770114942528734 2.9693486590038316 2.994219653179191 3.0057581573896353 2.9750479846449136 2.9731800766283527 2.9366602687140113 2.9712092130518233 2.9770114942528734 2.976923076923077 2.9596928982725528 2.9827255278310942 2.998073217726397 2.980806142034549 2.978886756238004 2.9846743295019156 3.001904761904762 2.978886756238004 2.9616122840690977 2.9558541266794625 2.9558541266794625 2.9827255278310942 3.0134874759152215 2.9942307692307693 3.021113243761996 2.9710982658959537 2.998080614203455 3.0038387715930903 2.9518304431599227 2.9711538461538463 2.973076923076923 3.0076923076923077 2.9884615384615385 2.9846153846153847 2.994219653179191 2.9827255278310942 2.996153846153846 3.021194605009634 2.976833976833977 2.996153846153846 2.973076923076923 2.9404990403071016 2.9672447013487475 2.9923076923076923 2.925143953934741 2.9770114942528734 2.953846153846154 2.9827255278310942 2.9904030710172744 2.976923076923077 2.9731800766283527 2.9272030651340994 2.9616858237547894 2.9789674952198855 3.0193050193050195 2.9942418426103647 2.9808429118773945 2.9713740458015265 2.976923076923077 2.9732824427480917 3.0288461538461537 2.9731800766283527 2.9827255278310942 2.980769230769231 2.9750479846449136 2.9712092130518233 2.9596928982725528 2.9712092130518233 2.9656488549618323 2.9808429118773945 2.976878612716763 2.953846153846154 3.013435700575816 3.001923076923077 2.998073217726397 2.9616858237547894 2.956022944550669 2.9521988527724665 2.9615384615384617 2.9866156787762907 2.9885057471264367 2.967495219885277 2.9596928982725528 2.9310344827586206 2.986564299424184 2.9710982658959537 2.9444444444444446 2.9846743295019156 2.9826589595375723 2.9923076923076923 2.9770114942528734 2.9827255278310942 2.963531669865643 2.9427480916030535 2.975 2.9673704414587334 2.97495183044316 2.9942418426103647 2.9673704414587334 2.9558541266794625 2.998076923076923 2.986564299424184 2.9904030710172744 2.9673704414587334 2.9846153846153847 2.959847036328872 3.001926782273603 2.9596928982725528 2.954022988505747 2.9731800766283527 2.9616858237547894 2.9923076923076923 2.998073217726397 2.9846153846153847 2.9366602687140113 2.957692307692308 3.021194605009634 2.965250965250965 2.9770114942528734 2.944337811900192 2.9618320610687023 2.978886756238004 2.9846153846153847 2.9789674952198855 2.9673704414587334 2.9713193116634797 2.9904030710172744 2.9673704414587334 2.9596928982725528 2.950191570881226 2.982791586998088 2.9808429118773945 2.978886756238004 2.9808429118773945 3.0153256704980844 2.9616858237547894 2.9655831739961758 2.9865900383141764 2.973076923076923 2.9827255278310942 3.0173410404624277 3.001919385796545 2.9596928982725528 3.003831417624521 2.9770114942528734 2.9712092130518233 2.9481765834932823 2.948374760994264 3.0057581573896353 2.9616858237547894 2.9615384615384617 2.975143403441683 2.980732177263969 2.9865900383141764 2.9846743295019156 2.9846743295019156 2.9770114942528734 2.942528735632184 2.9596928982725528 2.998080614203455 2.9616858237547894 2.973076923076923 2.9712092130518233 2.978886756238004
Largest average system size: 3.0288461538461537

Average queue size:
0.09578544061302682 0.09615384615384616 0.09596928982725528 0.09596928982725528 0.10153256704980843 0.09633911368015415 0.09652509652509653 0.09596928982725528 0.10211946050096339 0.09560229445506692 0.09615384615384616 0.09578544061302682 0.09596928982725528 0.09615384615384616 0.09615384615384616 0.09560229445506692 0.09596928982725528 0.09560229445506692 0.09633911368015415 0.09807692307692308 0.09615384615384616 0.09560229445506692 0.09578544061302682 0.09751434034416825 0.1 0.09980806142034548 0.09596928982725528 0.09560229445506692 0.09578544061302682 0.09615384615384616 0.09596928982725528 0.09633911368015415 0.09633911368015415 0.09596928982725528 0.09652509652509653 0.09578544061302682 0.09633911368015415 0.10038610038610038 0.09615384615384616 0.09560229445506692 0.09596928982725528 0.09523809523809523 0.09596928982725528 0.0994263862332696 0.09615384615384616 0.09596928982725528 0.09596928982725528 0.09596928982725528 0.09615384615384616 0.09596928982725528 0.09807692307692308 0.09578544061302682 0.09578544061302682 0.09633911368015415 0.09578544061302682 0.09615384615384616 0.09652509652509653 0.09596928982725528 0.09788867562380038 0.09578544061302682 0.09923664122137404 0.09560229445506692 0.09652509652509653 0.09596928982725528 0.09807692307692308 0.09596928982725528 0.09560229445506692 0.09596928982725528 0.09615384615384616 0.09596928982725528 0.09596928982725528 0.09826589595375723 0.09560229445506692 0.09578544061302682 0.09961685823754789 0.09578544061302682 0.09633911368015415 0.10231660231660232 0.09596928982725528 0.09607843137254903 0.09560229445506692 0.09615384615384616 0.09652509652509653 0.09904761904761905 0.09615384615384616 0.09788867562380038 0.09578544061302682 0.09578544061302682 0.09633911368015415 0.09596928982725528 0.09596928982725528 0.09578544061302682 0.09596928982725528 0.09596928982725528 0.09578544061302682 0.09615384615384616 0.09596928982725528 0.09596928982725528 0.09633911368015415 0.09788867562380038 0.09596928982725528 0.09578544061302682 0.09523809523809523 0.09596928982725528 0.09788867562380038 0.09596928982725528 0.09596928982725528 0.09596928982725528 0.09633911368015415 0.10192307692307692 0.09596928982725528 0.09633911368015415 0.09596928982725528 0.09788867562380038 0.09633911368015415 0.09807692307692308 0.09615384615384616 0.09615384615384616 0.09615384615384616 0.1 0.09633911368015415 0.09596928982725528 0.09615384615384616 0.1001926782273603 0.09652509652509653 0.09615384615384616 0.09615384615384616 0.09980806142034548 0.09633911368015415 0.1 0.09596928982725528 0.09578544061302682 0.09615384615384616 0.09596928982725528 0.09596928982725528 0.09615384615384616 0.09578544061302682 0.09578544061302682 0.09961685823754789 0.09560229445506692 0.09652509652509653 0.09596928982725528 0.09578544061302682 0.09732824427480916 0.09615384615384616 0.09541984732824428 0.09807692307692308 0.09578544061302682 0.09596928982725528 0.09615384615384616 0.09596928982725528 0.09596928982725528 0.09596928982725528 0.09596928982725528 0.09541984732824428 0.09578544061302682 0.09826589595375723 0.09615384615384616 0.09596928982725528 0.09807692307692308 0.09633911368015415 0.09578544061302682 0.09560229445506692 0.09560229445506692 0.09615384615384616 0.09560229445506692 0.09578544061302682 0.09560229445506692 0.09596928982725528 0.09961685823754789 0.09596928982725528 0.09633911368015415 0.09770114942528736 0.09578544061302682 0.1001926782273603 0.09615384615384616 0.09578544061302682 0.09596928982725528 0.09596928982725528 0.09541984732824428 0.10192307692307692 0.09596928982725528 0.09633911368015415 0.09596928982725528 0.09596928982725528 0.09596928982725528 0.10192307692307692 0.09596928982725528 0.09596928982725528 0.09596928982725528 0.09615384615384616 0.09560229445506692 0.09633911368015415 0.09596928982725528 0.09578544061302682 0.09578544061302682 0.09578544061302682 0.09615384615384616 0.09633911368015415 0.1 0.09596928982725528 0.09615384615384616 0.09633911368015415 0.09652509652509653 0.09578544061302682 0.09596928982725528 0.09541984732824428 0.09596928982725528 0.09615384615384616 0.09560229445506692 0.09596928982725528 0.09560229445506692 0.09596928982725528 0.09596928982725528 0.09596928982725528 0.09578544061302682 0.09560229445506692 0.09578544061302682 0.09596928982725528 0.09578544061302682 0.09578544061302682 0.09578544061302682 0.09751434034416825 0.09770114942528736 0.09615384615384616 0.09596928982725528 0.09633911368015415 0.09596928982725528 0.09596928982725528 0.09578544061302682 0.09578544061302682 0.09596928982725528 0.09596928982725528 0.0994263862332696 0.09596928982725528 0.09578544061302682 0.09615384615384616 0.09560229445506692 0.09826589595375723 0.09770114942528736 0.09578544061302682 0.09578544061302682 0.09578544061302682 0.09578544061302682 0.09596928982725528 0.09596928982725528 0.09961685823754789 0.1 0.09596928982725528 0.09596928982725528
Largest average queue size: 0.10231660231660232

Finishing times (Last Client arrival is at or before 510 mins):
522 520 521 521 522 519 518 521 519 523 520 522 521 520 520 523 521 523 519 520 520 523 522 523 520 521 521 523 522 520 521 519 519 521 518 522 519 518 520 523 521 525 521 523 520 521 521 521 520 521 520 522 522 519 522 520 518 521 521 522 524 523 518 521 520 521 523 521 520 521 521 519 523 522 522 522 519 518 521 510 523 520 518 525 520 521 522 522 519 521 521 522 521 521 522 520 521 521 519 521 521 522 525 521 521 521 521 521 519 520 521 519 521 521 519 520 520 520 520 520 519 521 520 519 518 520 520 521 519 520 521 522 520 521 521 520 522 522 522 523 518 521 522 524 520 524 520 522 521 520 521 521 521 521 524 522 519 520 521 520 519 522 523 523 520 523 522 523 521 522 521 519 522 522 519 520 522 521 521 524 520 521 519 521 521 521 520 521 521 521 520 523 519 521 522 522 522 520 519 520 521 520 519 518 522 521 524 521 520 523 521 523 521 521 521 522 523 522 521 522 522 522 523 522 520 521 519 521 521 522 522 521 521 523 521 522 520 523 519 522 522 522 522 522 521 521 522 520 521 521
Latest finishing time: 525
Median: 521
