PARAMS:
Length of simulation (mins): 510
Arrival rate (lambda): 6.0
Service rate (mu): 3.0
Number of servers: 2
Traffic Intensity (assuming no special clients): 1.0
Vars are Exponentially Distributed.
There are no special clients.
Number of Simulations 250
========================================

Average waiting times (Client):
2.38 3.26 2.04 2.5 1.94 1.82 3.1 5.28 1.3 2.64 2.74 1.88 3.98 3.2 2.28 1.74 2.36 4.04 4.58 2.06 3.56 3.16 2.16 1.18 1.28 2.96 1.82 1.76 2.98 4.54 3.12 3.74 2.5 3.16 3.66 1.14 2.2 2.0 5.12 1.26 2.26 4.32 3.06 1.12 1.5 2.3 1.82 1.82 2.72 3.04 4.06 2.08 0.94 2.76 1.8 0.7 2.78 3.3 2.9 2.34 4.12 2.04 2.54 2.36 2.34 3.98 1.3 3.0 3.46 2.76 2.64 2.12 2.28 3.94 3.12 2.42 3.04 2.54 1.78 4.3 2.5 3.06 2.32 1.98 1.3 2.56 1.3 2.2 3.58 1.32 1.12 5.28 2.8 1.4 1.62 1.62 1.8 2.24 2.0 3.82 3.24 1.6 1.52 2.08 2.88 3.2 2.06 1.58 2.98 2.48 1.42 4.56 1.82 1.56 2.18 5.6 2.82 2.34 1.84 2.86 2.88 2.18 4.78 2.06 2.4 2.7 2.5 3.42 1.52 0.96 2.96 3.16 1.96 4.08 1.82 2.2 2.34 2.58 1.98 3.44 3.0 1.34 3.92 2.3 2.88 3.1 1.74 1.74 2.54 1.72 3.04 1.3 2.3 1.66 2.86 1.84 3.14 3.96 3.1 2.86 2.6 1.96 2.9 1.06 1.76 3.02 3.82 2.04 1.94 3.04 2.26 1.78 3.54 1.98 2.82 2.24 1.68 2.14 1.04 1.32 3.08 1.72 2.42 3.46 4.74 1.76 3.16 1.56 3.32 3.46 2.0 1.54 2.6 2.72 3.0 1.28 1.9 2.28 2.54 3.4 2.2 2.14 2.08 3.38 2.22 2.62 1.44 1.36 1.96 2.94 4.2 3.94 3.94 1.88 2.38 2.18 3.12 2.52 1.4 3.3 2.6 2.22 2.58 3.32 1.94 1.88 2.52 2.4 2.58 1.46 2.32 3.4 1.86 1.98 1.88 1.46 2.54 3.26 2.4 1.96 3.5 2.42 2.16 3.68 2.74 5.18 1.34 2.96 3.08 3.56
Longest average waiting time client: 5.6

Average time spent in system:
22.4 23.32 22.02 22.52 21.94 21.78 23.18 25.46 21.18 22.64 22.84 21.8 24.04 23.34 22.24 21.74 22.44 24.16 24.8 21.88 23.66 23.24 22.2 21.0 21.08 23.02 21.8 21.76 23.2 24.7 23.26 23.98 22.54 23.26 23.76 21.1 22.14 21.88 25.16 21.08 22.24 24.42 23.04 20.94 21.42 22.34 21.9 21.78 22.76 23.08 24.14 21.96 20.78 22.78 21.8 20.4 22.86 23.2 22.82 22.32 24.12 21.92 22.52 22.44 22.32 24.18 21.18 23.04 23.54 22.84 22.58 22.02 22.34 24.0 23.18 22.46 23.02 22.54 21.78 24.52 22.34 23.18 22.2 21.98 21.32 22.58 21.02 22.22 23.5 21.16 20.92 25.42 22.8 21.22 21.58 21.6 21.68 22.1 21.88 23.92 23.36 21.4 21.46 22.16 22.92 23.22 22.1 21.52 23.04 22.44 21.38 24.66 21.82 21.48 22.18 25.78 22.76 22.24 21.68 22.94 22.74 22.12 24.9 22.12 22.42 22.82 22.58 23.46 21.4 20.78 22.98 23.26 21.96 24.16 21.72 22.2 22.52 22.62 21.84 23.62 23.14 21.3 24.02 22.32 22.86 23.06 21.58 21.6 22.6 21.66 23.12 21.26 22.36 21.68 22.9 21.9 23.08 24.16 23.28 22.86 22.7 21.92 22.98 20.88 21.74 23.08 24.0 21.98 21.84 23.1 22.3 21.76 23.52 21.84 22.86 22.08 21.62 22.18 20.88 21.32 23.14 21.7 22.46 23.66 24.94 21.7 23.28 21.62 23.32 23.46 21.98 21.34 22.48 22.76 23.1 21.22 21.96 22.42 22.6 23.54 22.24 22.1 22.06 23.5 22.28 22.64 21.42 21.24 21.94 23.02 24.34 24.04 24.12 21.94 22.42 22.26 23.16 22.6 21.4 23.36 22.64 22.28 22.6 23.4 21.76 21.8 22.44 22.32 22.58 21.46 22.28 23.56 21.78 21.94 21.92 21.32 22.6 23.26 22.42 21.84 23.58 22.22 22.2 23.9 22.84 25.3 21.22 23.02 22.96 23.62
Longest average time spent in system: 25.78

Maximum waiting times (Client):
7 8 5 8 7 7 7 11 4 6 7 5 11 9 4 5 8 8 13 10 8 9 7 5 5 7 5 6 8 8 7 11 5 7 12 6 7 8 14 7 9 10 9 6 5 6 6 8 8 8 9 7 4 12 6 4 9 7 8 7 11 6 7 7 7 14 5 7 13 8 7 9 5 12 11 7 11 9 6 13 8 9 5 6 5 6 4 6 8 4 5 11 9 5 4 8 6 7 5 8 9 6 6 7 9 8 7 6 8 8 5 10 6 6 7 12 8 6 5 7 9 8 9 6 8 8 7 7 5 4 12 10 8 11 6 6 6 9 6 8 8 6 10 8 8 10 9 7 7 6 9 4 5 6 9 9 7 10 9 9 8 5 6 5 7 12 9 7 5 10 5 10 8 7 8 7 6 6 3 6 6 6 10 10 12 6 10 5 7 8 6 6 6 7 8 5 6 6 9 8 6 6 5 7 7 8 5 7 6 9 14 13 11 5 7 7 12 7 6 6 7 7 6 10 5 7 8 8 9 5 8 11 6 5 9 6 7 7 7 8 8 7 5 11 7 10 6 7 8 9
Overall largest waiting time (Client): 14

Maximum time spent in system:
26 28 25 28 26 27 27 31 24 25 27 25 29 28 25 25 28 28 32 30 28 30 27 25 25 27 25 26 28 28 28 32 26 28 32 26 27 28 34 27 29 30 30 26 25 26 27 28 28 29 29 27 24 33 25 24 29 26 29 27 31 25 26 26 28 34 25 28 32 28 27 29 25 31 31 27 30 28 26 33 28 30 25 26 26 26 25 27 28 24 25 31 29 25 25 28 26 26 26 28 29 26 26 28 29 29 26 26 28 28 26 29 28 26 27 32 28 26 25 27 29 28 29 26 28 28 27 27 25 24 32 30 28 30 26 26 27 29 26 27 28 26 30 28 28 30 28 28 28 26 30 26 26 26 29 29 26 30 29 29 28 25 27 25 25 32 30 27 25 30 25 30 28 27 28 27 28 27 23 26 27 27 30 31 32 26 30 26 27 27 26 25 27 27 28 26 26 26 28 27 26 26 25 27 27 28 26 27 26 29 34 31 31 25 27 28 33 27 26 26 27 27 26 31 25 27 28 27 29 25 28 30 26 25 29 25 26 27 27 28 28 28 25 31 27 30 26 28 28 29
Overall largest time spent in system (Client): 34

Time spent serving Clients (mins):
501 500 503 500 502 497 505 496 500 500 497 501 503 501 503 506 499 495 499 501 502 503 494 502 504 499 504 503 498 500 500 500 501 503 501 505 507 504 493 498 503 502 504 500 500 502 495 496 494 496 500 503 500 499 500 500 504 507 507 501 506 501 509 503 501 501 507 498 500 505 497 501 497 500 500 494 496 506 492 499 500 499 502 503 497 502 499 492 499 497 501 501 503 501 508 490 502 500 501 501 507 497 497 497 494 498 503 498 501 499 489 496 499 505 496 499 501 495 501 498 506 494 494 500 503 496 499 505 498 501 510 500 490 504 501 501 505 499 506 498 498 499 504 491 500 503 516 487 501 502 498 504 501 498 497 503 498 502 502 509 492 500 507 499 498 496 500 500 500 501 501 500 494 492 499 502 499 497 495 497 494 496 503 504 494 506 492 499 500 498 501 498 493 501 498 495 500 494 503 502 504 502 495 495 499 498 501 503 498 504 499 502 502 500 498 499 499 504 497 501 495 503 507 498 503 497 498 498 497 503 503 506 503 494 497 498 493 499 502 502 503 490 503 494 506 500 501 502 498 503 507 499 503 501 500 502 500 494 492 499 495 506 498 507 498 502 498 506 496 499 495 505 502 507 504 498 502 491 504 505 505 502 498 500 499 506 499 502 498 501 502 496 496 496 501 492 503 500 500 497 496 508 498 500 504 499 500 501 503 499 503 500 497 500 504 506 503 506 496 504 498 507 495 503 501 503 495 496 500 499 503 500 502 507 500 497 498 497 500 503 501 501 499 500 495 504 496 497 501 501 496 496 500 497 500 502 494 498 501 499 501 502 501 498 497 505 508 502 506 504 497 500 501 505 502 501 505 495 499 501 496 503 495 495 499 495 500 502 503 502 499 498 503 500 501 506 500 503 503 504 499 503 497 501 501 498 502 504 504 499 504 497 501 498 497 497 498 501 501 503 517 490 499 506 508 501 501 502 501 501 507 497 504 498 504 500 499 501 502 501 500 502 505 498 503 498 505 499 497 494 501 495 503 493 498 498 494 506 500 500 502 496 506 502 496 500 499 499 505 497 497 496 500 503 498 502 502 499 493 501 501 503 492 498 502 500 503 508 502 503 505 501 495 499 503 500 500 494 499 504
Most time spent serving Clients: 517
Median: 500

Time spent idle (Server, mins):
27 28 27 30 26 31 22 31 26 26 32 28 26 28 30 27 28 32 31 29 27 26 36 28 23 28 26 27 30 28 28 28 30 28 33 29 27 30 36 31 28 29 28 32 30 28 34 33 34 32 30 27 28 29 30 30 31 28 23 29 22 27 21 27 27 27 23 32 35 30 33 29 32 29 28 34 42 32 36 29 32 33 29 28 33 28 28 35 29 31 28 28 30 32 20 38 28 30 30 30 20 30 32 32 34 30 24 29 25 27 38 31 35 29 33 30 28 34 25 28 20 32 37 31 24 31 32 26 32 29 19 29 41 27 28 28 25 31 21 29 29 28 21 34 31 28 17 46 32 31 34 28 29 32 34 28 32 28 36 29 39 31 22 30 30 32 30 30 28 27 26 27 32 34 33 30 28 30 33 31 34 32 30 29 40 28 38 31 28 30 30 33 38 30 32 35 27 33 28 29 25 27 32 32 30 31 32 30 34 28 33 30 25 27 30 29 33 28 32 28 36 28 21 30 25 31 28 28 33 27 31 28 23 32 32 31 35 29 31 31 24 37 24 33 25 31 29 28 34 29 20 28 26 28 32 30 26 32 36 29 41 30 36 27 35 31 36 28 34 31 36 26 31 26 24 30 21 32 29 28 28 31 32 30 37 30 32 29 33 30 29 35 32 32 26 35 26 29 27 30 39 27 30 28 24 29 31 30 25 29 24 27 32 29 32 30 30 27 37 29 35 26 35 27 29 27 34 33 27 28 27 30 32 27 29 32 29 30 29 26 28 28 28 27 37 28 33 32 28 28 32 32 29 32 32 30 34 30 26 28 27 26 28 31 35 27 23 29 28 30 31 28 30 26 28 29 27 37 33 31 35 28 31 31 31 35 30 28 28 29 34 35 26 29 33 28 30 27 29 28 32 28 33 29 27 30 30 28 24 29 27 34 28 31 33 33 30 27 28 26 19 46 36 29 21 28 28 27 29 29 20 30 23 29 24 28 31 29 28 29 30 28 23 30 28 33 22 28 30 33 26 32 23 33 29 29 39 27 29 29 26 32 22 26 30 26 28 28 24 32 30 31 29 26 34 30 29 32 40 32 31 29 34 28 28 30 33 28 29 28 28 32 33 29 26 29 28 34 33 28
Longest time spent idle (Server): 46

Average system size (num active customers):
4.111742424242424 4.186792452830189 4.071969696969697 4.130929791271347 4.081749049429658 4.039697542533081 4.183364839319471 4.375234521575985 3.9905123339658446 4.1169811320754715 4.153119092627599 4.030188679245283 4.278937381404175 4.19622641509434 4.090909090909091 4.047348484848484 4.097928436911488 4.239700374531835 4.308988764044944 4.0359168241965975 4.214689265536723 4.165413533834586 4.079245283018868 3.952741020793951 3.965909090909091 4.158490566037736 4.051136363636363 4.033962264150944 4.151401869158878 4.326415094339622 4.204545454545454 4.266037735849056 4.1268939393939394 4.184905660377359 4.192523364485981 3.9679245283018867 4.071833648393195 4.049242424242424 4.29368029739777 3.9678030303030303 4.06203007518797 4.2862523540489645 4.152830188679245 3.9620493358633775 4.009469696969697 4.1001890359168245 4.031894934333959 4.047348484848484 4.132075471698113 4.154425612052731 4.290322580645161 4.049149338374291 3.941287878787879 4.1555977229601515 4.068441064638783 3.8994307400379506 4.114232209737827 4.168241965973535 4.13421550094518 4.11596958174905 4.2889733840304185 4.0301318267419965 4.127134724857685 4.097928436911488 4.084905660377358 4.289224952741021 3.9604519774011298 4.166351606805293 4.209433962264151 4.1669829222011385 4.129032258064516 4.0876190476190475 4.086629001883239 4.227016885553471 4.150093808630394 4.088345864661654 4.150943396226415 4.0998116760828625 4.035849056603774 4.25092936802974 4.065913370998117 4.187145557655954 4.079545454545454 4.054716981132075 4.009469696969697 4.136622390891841 3.967680608365019 4.06390977443609 4.214421252371917 3.977272727272727 3.9507575757575757 4.367729831144465 4.101123595505618 3.9660377358490564 4.028409090909091 4.009416195856874 4.007532956685499 4.052830188679246 4.056925996204933 4.239171374764595 4.2041587901701325 4.003795066413662 4.007561436672968 4.056285178236398 4.131578947368421 4.157894736842105 4.092979127134725 4.020833333333333 4.144736842105263 4.102079395085066 3.9868173258003767 4.333333333333333 4.054924242424242 4.030418250950571 4.073584905660377 4.397003745318352 4.153992395437262 4.077504725897921 4.026515151515151 4.129455909943715 4.136622390891841 4.0853889943074 4.333333333333333 4.073584905660377 4.082706766917293 4.16888045540797 4.126654064272212 4.182330827067669 4.019011406844107 3.9393939393939394 4.104477611940299 4.153558052434457 4.030018761726079 4.235955056179775 4.020754716981132 4.067796610169491 4.099437148217636 4.134469696969697 4.082217973231358 4.202626641651032 4.153846153846154 3.986792452830189 4.208955223880597 4.080979284369115 4.1280602636534836 4.145009416195857 4.017045454545454 4.028462998102467 4.126654064272212 4.041745730550285 4.130841121495327 3.9981060606060606 4.111742424242424 4.020715630885123 4.160984848484849 4.075901328273245 4.160680529300567 4.231343283582089 4.170731707317073 4.114446529080675 4.108818011257036 4.0452830188679245 4.156603773584906 3.941398865784499 4.053130929791271 4.164150943396226 4.230337078651686 4.056710775047259 4.055028462998102 4.173913043478261 4.09640831758034 4.055028462998102 4.182330827067669 4.0359168241965975 4.149338374291116 4.0643939393939394 4.022684310018904 4.06203007518797 3.9507575757575757 4.015180265654649 4.1856060606060606 4.034026465028355 4.088345864661654 4.224105461393597 4.320224719101123 4.037878787878788 4.1807909604519775 4.026415094339622 4.165413533834586 4.178571428571429 4.045197740112994 4.005703422053232 4.090566037735849 4.132075471698113 4.16195856873823 3.954971857410882 4.066162570888469 4.078651685393258 4.118867924528302 4.1992481203007515 4.0753295668549905 4.062264150943396 4.075757575757576 4.193609022556391 4.104166666666667 4.111111111111111 4.007561436672968 3.973584905660377 4.0643939393939394 4.168241965973535 4.242537313432836 4.218691588785047 4.281663516068053 4.064272211720227 4.1 4.111954459203036 4.193548387096774 4.136363636363637 4.0 4.190566037735849 4.120754716981132 4.104166666666667 4.107344632768362 4.2201138519924095 4.039848197343454 4.053130929791271 4.1216730038022815 4.1024667931688805 4.088180112570356 4.013232514177694 4.09469696969697 4.234848484848484 4.05893536121673 4.0702087286527515 4.060491493383743 4.001897533206831 4.126654064272212 4.159774436090226 4.090395480225989 4.00750469043152 4.197368421052632 4.0893536121673 4.079245283018868 4.208955223880597 4.137476459510358 4.354596622889305 3.9867424242424243 4.166351606805293 4.151515151515151 4.1992481203007515
Largest average system size: 4.397003745318352

Average queue size:
0.32007575757575757 0.4018867924528302 0.2878787878787879 0.33206831119544594 0.279467680608365 0.2665406427221172 0.387523629489603 0.5891181988742964 0.21821631878557876 0.3433962264150943 0.3534971644612476 0.27169811320754716 0.47248576850094876 0.39622641509433965 0.3106060606060606 0.25946969696969696 0.3163841807909605 0.47191011235955055 0.5224719101123596 0.2892249527410208 0.4293785310734463 0.39097744360902253 0.2981132075471698 0.2060491493383743 0.2159090909090909 0.37358490566037733 0.26704545454545453 0.26037735849056604 0.3719626168224299 0.5226415094339623 0.39015151515151514 0.44716981132075473 0.3314393939393939 0.39245283018867927 0.4355140186915888 0.2018867924528302 0.30245746691871456 0.2840909090909091 0.5687732342007435 0.21401515151515152 0.30639097744360905 0.5009416195856874 0.38301886792452833 0.20113851992409867 0.23674242424242425 0.31190926275992437 0.26454033771106944 0.26704545454545453 0.35094339622641507 0.3804143126177024 0.48007590132827327 0.29111531190926276 0.18371212121212122 0.3567362428842505 0.2661596958174905 0.16129032258064516 0.3539325842696629 0.4064272211720227 0.3686200378071834 0.31749049429657794 0.4866920152091255 0.2862523540489642 0.33586337760910817 0.3163841807909605 0.3150943396226415 0.4706994328922495 0.21657250470809794 0.3780718336483932 0.4207547169811321 0.3567362428842505 0.34535104364326374 0.29714285714285715 0.3088512241054614 0.4634146341463415 0.38649155722326456 0.32142857142857145 0.38113207547169814 0.3333333333333333 0.2622641509433962 0.49256505576208176 0.3295668549905838 0.3837429111531191 0.3143939393939394 0.2811320754716981 0.2178030303030303 0.3377609108159393 0.21863117870722434 0.3007518796992481 0.43453510436432635 0.2196969696969697 0.20075757575757575 0.5891181988742964 0.35580524344569286 0.22641509433962265 0.2481060606060606 0.24670433145009416 0.263653483992467 0.30566037735849055 0.2846299810246679 0.4538606403013183 0.4007561436672968 0.24667931688804554 0.2381852551984877 0.28893058161350843 0.36466165413533835 0.39473684210526316 0.2903225806451613 0.24431818181818182 0.37406015037593987 0.32892249527410206 0.2278719397363465 0.5265151515151515 0.26704545454545453 0.24334600760456274 0.3 0.6179775280898876 0.36311787072243346 0.31568998109640833 0.2689393939393939 0.3621013133208255 0.3681214421252372 0.301707779886148 0.544256120527307 0.28867924528301886 0.31954887218045114 0.3510436432637571 0.33081285444234404 0.41541353383458646 0.23954372623574144 0.1856060606060606 0.3694029850746269 0.3895131086142322 0.2776735459662289 0.4756554307116105 0.2660377358490566 0.3013182674199623 0.3133208255159475 0.3390151515151515 0.28489483747609945 0.4165103189493433 0.37523452157598497 0.22075471698113208 0.458955223880597 0.3107344632768362 0.3653483992467043 0.3860640301318267 0.25946969696969696 0.25996204933586337 0.33459357277882795 0.25806451612903225 0.3775700934579439 0.2178030303030303 0.3125 0.2504708097928437 0.36553030303030304 0.269449715370019 0.391304347826087 0.4626865671641791 0.38461538461538464 0.3621013133208255 0.33771106941838647 0.2792452830188679 0.36792452830188677 0.1947069943289225 0.2618595825426945 0.37924528301886795 0.45131086142322097 0.28733459357277885 0.27893738140417457 0.3818525519848771 0.30812854442344045 0.2637571157495256 0.4266917293233083 0.28166351606805295 0.3610586011342155 0.3068181818181818 0.2533081285444234 0.2951127819548872 0.19318181818181818 0.22011385199240988 0.38636363636363635 0.2570888468809074 0.32142857142857145 0.4199623352165725 0.5374531835205992 0.26136363636363635 0.391713747645951 0.24150943396226415 0.40601503759398494 0.4191729323308271 0.2824858757062147 0.2414448669201521 0.33962264150943394 0.35094339622641507 0.3766478342749529 0.21388367729831145 0.2741020793950851 0.30711610486891383 0.3339622641509434 0.41353383458646614 0.3013182674199623 0.2962264150943396 0.2916666666666667 0.4116541353383459 0.30492424242424243 0.3408662900188324 0.23062381852551986 0.22264150943396227 0.2803030303030303 0.3724007561436673 0.48507462686567165 0.4616822429906542 0.4669187145557656 0.2722117202268431 0.31886792452830187 0.301707779886148 0.3908918406072106 0.3333333333333333 0.22641509433962265 0.4056603773584906 0.33962264150943394 0.30492424242424243 0.3370998116760829 0.4098671726755218 0.27893738140417457 0.2732447817836812 0.33460076045627374 0.3225806451612903 0.33583489681050654 0.23251417769376181 0.3143939393939394 0.4166666666666667 0.2718631178707224 0.2827324478178368 0.2722117202268431 0.2333965844402277 0.33459357277882795 0.40037593984962405 0.32015065913371 0.2776735459662289 0.42293233082706766 0.32509505703422054 0.2981132075471698 0.43656716417910446 0.352165725047081 0.5797373358348968 0.2215909090909091 0.3742911153119093 0.38636363636363635 0.42857142857142855
Largest average queue size: 0.6179775280898876

Finishing times (Last Client arrival is at or before 510 mins):
528 530 528 527 526 529 529 533 527 530 529 530 527 530 528 528 531 534 534 529 531 532 530 529 528 530 528 530 535 530 528 530 528 530 535 530 529 528 538 528 532 531 530 527 528 529 533 528 530 531 527 529 528 527 526 527 534 529 529 526 526 531 527 531 530 529 531 529 530 527 527 525 531 533 533 532 530 531 530 538 531 529 528 530 528 527 526 532 527 528 528 533 534 530 528 531 531 530 527 531 529 527 529 533 532 532 527 528 532 529 531 528 528 526 530 534 526 529 528 533 527 527 531 530 532 527 529 532 526 528 536 534 533 534 530 531 533 528 523 533 533 530 536 531 531 531 528 527 529 527 535 528 528 531 528 527 529 536 533 533 533 530 530 529 527 530 534 529 527 529 529 527 532 529 529 528 529 532 528 527 528 529 532 531 534 528 531 530 532 532 531 526 530 530 531 533 529 534 530 532 531 530 528 532 528 531 529 530 528 529 536 535 529 529 530 527 527 528 530 530 530 528 531 527 527 527 526 527 533 529 528 528 526 527 529 527 529 532 531 533 532 526 530 536 531 533 528 529 528 532
Latest finishing time: 538
