PARAMS:
Length of simulation (mins): 510
Arrival rate (lambda): 6.0
Service rate (mu): 3.0
Number of servers: 2
Traffic Intensity (assuming no special clients): 1.0
Vars are Poisson Distributed.
There are no special clients.
Number of Simulations 250
========================================

Average waiting times (Client):
2.5918367346938775 2.877551020408163 1.74 0.2916666666666667 3.235294117647059 2.0 1.2708333333333333 1.469387755102041 8.372549019607844 0.6666666666666666 1.3673469387755102 1.02 1.0 3.979591836734694 8.634615384615385 0.7959183673469388 1.489795918367347 1.1702127659574468 2.5306122448979593 2.58 1.8979591836734695 0.4583333333333333 5.509803921568627 1.7 2.7254901960784315 4.88 0.6808510638297872 1.0625 3.2653061224489797 1.163265306122449 0.8125 5.431372549019608 0.7755102040816326 3.163265306122449 3.4285714285714284 5.7254901960784315 3.0392156862745097 6.74 3.2083333333333335 3.0 0.5957446808510638 0.8571428571428571 1.8333333333333333 1.5416666666666667 0.40425531914893614 1.0208333333333333 0.5416666666666666 1.7659574468085106 3.196078431372549 0.8163265306122449 6.615384615384615 5.509803921568627 5.24 4.294117647058823 0.7142857142857143 3.673469387755102 2.78 2.75 0.5306122448979592 2.7450980392156863 2.94 1.5 2.5625 0.7959183673469388 2.36 1.5714285714285714 1.9591836734693877 0.6938775510204082 3.2244897959183674 2.66 0.4375 1.1458333333333333 2.0408163265306123 2.96 5.26 1.4791666666666667 2.36 4.76 1.08 1.4 2.061224489795918 2.235294117647059 2.84 1.4 5.08 0.9166666666666666 2.76 5.5 6.981481481481482 1.98 2.98 5.7254901960784315 3.4489795918367347 0.7708333333333334 1.3529411764705883 1.8571428571428572 2.0 3.122448979591837 4.803921568627451 1.183673469387755 1.08 1.56 2.02 7.294117647058823 5.041666666666667 0.6875 0.5 1.5416666666666667 6.0588235294117645 3.411764705882353 5.58 0.8775510204081632 1.68 3.489795918367347 6.962264150943396 1.163265306122449 1.653061224489796 6.24 5.25 0.8979591836734694 3.215686274509804 4.450980392156863 2.9607843137254903 0.6666666666666666 1.44 3.16 4.020408163265306 2.5306122448979593 6.461538461538462 1.4583333333333333 0.8775510204081632 1.1041666666666667 6.372549019607843 5.26 5.235294117647059 0.8979591836734694 1.8979591836734695 0.7755102040816326 2.125 2.795918367346939 0.32653061224489793 7.823529411764706 8.0 2.4081632653061225 1.7291666666666667 9.02 3.52 0.6739130434782609 3.3 12.923076923076923 0.17391304347826086 1.5416666666666667 2.2653061224489797 2.795918367346939 0.7142857142857143 3.7450980392156863 0.5869565217391305 7.0 1.6326530612244898 5.22 1.0408163265306123 14.23076923076923 1.1458333333333333 5.78 2.2291666666666665 7.431372549019608 1.0 6.5 1.183673469387755 4.549019607843137 3.877551020408163 5.509803921568627 1.2340425531914894 0.2222222222222222 1.6326530612244898 0.5510204081632653 1.3265306122448979 7.313725490196078 3.38 0.7659574468085106 1.3673469387755102 2.66 1.9 0.8979591836734694 0.6458333333333334 3.8653846153846154 6.352941176470588 1.1428571428571428 7.634615384615385 3.76 4.1568627450980395 1.2916666666666667 12.591836734693878 1.1428571428571428 6.12 1.4489795918367347 3.82 8.057692307692308 2.86 4.666666666666667 3.574468085106383 2.12 0.6170212765957447 6.519230769230769 5.081632653061225 2.7142857142857144 0.7446808510638298 3.8 3.38 0.3617021276595745 1.5714285714285714 1.510204081632653 2.34 2.2244897959183674 0.3404255319148936 0.94 3.58 2.38 2.5208333333333335 5.48 4.5 1.46 3.8627450980392157 0.7708333333333334 1.6326530612244898 0.8367346938775511 2.510204081632653 2.020408163265306 1.4489795918367347 3.06 0.9166666666666666 5.461538461538462 1.8775510204081634 13.75 0.7708333333333334 1.6666666666666667 0.9375 1.0416666666666667 1.9166666666666667 0.8478260869565217 1.836734693877551 5.4 3.86 2.2653061224489797 1.9583333333333333 1.25 0.88 4.22 2.625 0.3111111111111111
Longest average waiting time client: 14.23076923076923

Average time spent in system:
22.510204081632654 22.836734693877553 21.66 20.395833333333332 23.176470588235293 22.0 21.25 21.551020408163264 28.392156862745097 20.75 21.46938775510204 20.98 21.0 24.06122448979592 28.76923076923077 20.653061224489797 21.46938775510204 21.148936170212767 22.428571428571427 22.66 21.918367346938776 20.395833333333332 25.50980392156863 21.6 22.666666666666668 24.96 20.617021276595743 20.916666666666668 23.367346938775512 21.020408163265305 20.895833333333332 25.372549019607842 20.836734693877553 23.3265306122449 23.367346938775512 25.725490196078432 23.019607843137255 26.86 23.229166666666668 22.82 20.638297872340427 20.714285714285715 21.958333333333332 21.5 20.425531914893618 21.145833333333332 20.416666666666668 21.595744680851062 23.19607843137255 20.79591836734694 26.75 25.686274509803923 25.12 24.41176470588235 20.612244897959183 23.816326530612244 22.84 22.71153846153846 20.489795918367346 22.725490196078432 23.08 21.541666666666668 22.520833333333332 20.73469387755102 22.36 21.591836734693878 21.918367346938776 20.612244897959183 23.183673469387756 22.76 20.354166666666668 21.166666666666668 22.0 23.02 25.22 21.416666666666668 22.4 25.02 21.0 21.5 22.040816326530614 22.313725490196077 22.92 21.36 25.12 20.854166666666668 22.72 25.36 27.0 22.06 23.08 25.607843137254903 23.3265306122449 21.0625 21.372549019607842 21.755102040816325 22.25 23.163265306122447 24.764705882352942 21.081632653061224 20.98 21.44 22.02 27.352941176470587 25.125 20.604166666666668 20.5 21.458333333333332 26.03921568627451 23.392156862745097 25.58 20.816326530612244 21.62 23.428571428571427 27.0188679245283 21.122448979591837 21.653061224489797 26.08 25.21153846153846 20.897959183673468 23.333333333333332 24.352941176470587 23.058823529411764 20.666666666666668 21.42 23.12 24.0 22.53061224489796 26.442307692307693 21.583333333333332 20.836734693877553 21.104166666666668 26.431372549019606 25.34 25.313725490196077 20.979591836734695 21.571428571428573 20.836734693877553 22.041666666666668 22.693877551020407 20.3265306122449 27.980392156862745 28.058823529411764 22.448979591836736 21.854166666666668 29.04 23.52 20.717391304347824 23.26 33.01923076923077 20.17391304347826 21.583333333333332 22.224489795918366 22.918367346938776 20.693877551020407 24.019607843137255 20.434782608695652 27.176470588235293 21.571428571428573 25.34 20.93877551020408 34.26923076923077 21.208333333333332 25.76 22.3125 27.50980392156863 21.06122448979592 26.62 21.163265306122447 24.58823529411765 23.877551020408163 25.54901960784314 21.21276595744681 20.22222222222222 21.755102040816325 20.489795918367346 21.387755102040817 27.215686274509803 23.2 20.893617021276597 21.285714285714285 23.0 22.12 20.979591836734695 20.75 23.807692307692307 26.254901960784313 21.081632653061224 27.692307692307693 23.72 24.19607843137255 21.25 32.673469387755105 21.122448979591837 26.36 21.53061224489796 24.0 27.923076923076923 22.76 24.58823529411765 23.46808510638298 21.92 20.680851063829788 26.5 25.081632653061224 22.755102040816325 20.70212765957447 23.9 23.28 20.425531914893618 21.46938775510204 21.510204081632654 22.32 21.979591836734695 20.25531914893617 20.74 23.46 22.46 22.520833333333332 25.56 24.68 21.34 23.92156862745098 20.791666666666668 21.571428571428573 20.816326530612244 22.46938775510204 21.897959183673468 21.46938775510204 22.98 20.833333333333332 25.423076923076923 21.775510204081634 33.92307692307692 20.833333333333332 21.5625 20.8125 21.083333333333332 21.875 20.956521739130434 21.6734693877551 25.64 23.84 22.244897959183675 22.020833333333332 21.229166666666668 20.9 24.3 22.625 20.4
Longest average time spent in system: 34.26923076923077

Maximum waiting times (Client):
10 14 11 3 12 11 9 6 21 4 6 4 8 14 16 4 7 10 12 10 8 3 14 8 12 14 5 7 11 5 6 12 5 10 12 17 13 16 12 9 5 5 8 12 4 7 4 9 7 5 12 15 18 15 5 9 9 9 3 11 11 12 12 6 11 7 8 5 10 10 4 6 8 9 13 11 10 16 7 8 10 9 12 8 12 6 8 12 30 7 8 14 11 5 5 8 6 9 12 5 7 7 10 15 17 5 3 9 15 13 12 7 6 11 21 10 8 19 26 8 12 11 9 5 14 11 21 12 21 10 6 5 19 17 14 9 10 5 10 14 4 16 17 12 7 24 9 6 13 26 4 10 10 10 4 10 6 15 8 14 6 31 8 17 8 21 5 15 9 12 11 22 6 4 10 4 5 22 13 8 8 11 14 5 3 19 13 6 15 13 12 8 26 7 13 8 16 21 12 9 11 10 3 16 16 12 5 14 16 3 9 6 9 9 3 6 12 8 15 14 17 7 13 5 8 6 10 11 7 12 6 14 7 25 7 8 7 5 15 9 11 16 18 8 8 6 4 11 13 4
Overall largest waiting time (Client): 31

Maximum time spent in system:
30 34 30 23 32 31 29 27 41 23 28 25 28 36 36 25 28 30 32 30 28 23 34 28 32 34 25 26 31 25 26 32 25 31 34 37 32 36 33 29 25 25 27 32 24 27 24 28 27 25 32 36 39 36 24 29 30 29 23 31 31 31 31 26 31 28 29 26 30 29 24 26 28 29 32 30 30 36 26 29 29 27 33 28 32 26 27 31 50 27 29 35 31 26 25 29 26 29 33 25 27 27 31 35 36 26 24 30 35 33 32 27 26 31 42 30 28 39 46 28 32 31 28 25 34 31 41 32 43 30 25 25 39 37 34 28 30 25 30 34 24 36 38 31 28 44 29 26 33 46 24 31 30 31 25 30 26 35 28 34 26 52 28 37 29 41 25 35 29 32 32 42 27 25 31 24 25 42 32 28 28 33 34 25 23 39 34 26 36 32 34 28 46 26 33 28 36 40 32 30 31 30 24 35 36 32 26 34 36 23 30 26 29 28 23 26 32 28 36 34 37 27 34 25 27 26 31 31 27 31 26 34 27 45 27 28 26 25 34 29 31 36 38 28 28 26 24 31 32 24
Overall largest time spent in system (Client): 52

Time spent serving Clients (mins):
498 478 504 474 501 495 483 482 499 498 482 478 479 480 500 484 515 506 482 482 502 483 504 494 501 479 504 480 521 526 496 477 503 476 482 457 505 470 499 505 499 482 482 475 523 497 497 498 502 495 501 503 483 454 473 480 502 483 492 481 480 484 520 497 500 483 505 483 491 486 516 504 519 500 504 502 481 480 494 497 478 464 497 476 483 483 479 479 480 461 483 483 477 477 476 456 520 500 502 477 527 520 525 504 489 484 522 504 494 481 502 485 500 503 519 519 496 482 499 500 501 506 481 481 481 477 500 477 497 503 499 482 496 482 497 479 501 477 498 507 475 481 481 480 500 478 506 497 500 498 477 480 503 499 505 508 500 496 501 504 501 478 522 502 503 501 503 495 519 483 482 475 497 501 498 495 544 537 502 502 499 506 517 497 499 475 486 488 523 498 495 480 483 489 501 481 519 499 496 479 493 502 497 497 504 496 521 502 482 482 474 482 479 481 477 479 519 500 519 500 500 500 499 478 495 502 492 485 547 516 506 472 500 480 495 497 518 520 498 482 498 507 518 497 522 503 480 480 502 497 501 497 500 479 499 481 518 521 479 487 495 483 480 480 522 501 503 501 522 502 501 483 492 472 501 482 476 480 497 478 500 460 522 506 521 502 502 480 480 486 499 502 498 502 457 465 498 500 523 522 478 442 475 487 497 481 502 484 505 474 527 507 457 456 525 504 500 477 501 505 502 473 520 522 482 481 501 498 481 483 522 502 506 477 506 500 499 480 526 496 498 482 523 499 481 458 463 437 497 489 499 478 502 481 516 499 497 494 482 464 497 479 511 506 509 502 484 481 484 481 516 521 516 499 501 476 521 522 497 501 519 503 473 485 504 480 498 481 510 502 504 480 506 503 515 518 498 497 521 495 478 457 489 501 482 461 522 517 502 478 499 483 478 460 506 499 494 501 481 462 495 480 494 486 500 499 494 474 477 459 499 491 498 496 503 501 481 479 500 504 504 505 496 498 520 503 480 481 494 483 501 478 498 480 500 474 502 479 495 501 479 477 518 520 497 478 522 527 479 484 478 477 481 473 480 482 484 474 463 462 492 480 504 508 502 497 499 480 480 483 478 481 502 478 498 506 477 483 465 439
Most time spent serving Clients: 547
Median: 497

Time spent idle (Server, mins):
28 48 34 64 25 31 45 46 22 23 45 49 46 45 31 47 26 35 40 40 34 53 28 38 30 52 20 44 18 13 31 50 19 46 42 67 22 57 35 29 28 45 48 55 6 32 42 41 25 32 24 22 44 73 56 49 31 50 36 47 47 43 7 30 28 45 25 47 34 39 21 33 21 40 32 34 46 47 31 28 45 59 33 54 42 42 52 52 48 67 43 43 44 44 52 72 8 28 17 42 8 15 2 23 21 26 11 29 34 47 13 30 27 24 17 17 25 39 29 28 39 34 43 43 53 57 33 56 36 30 32 49 37 51 32 50 28 52 34 25 51 45 42 43 25 47 24 33 28 30 52 49 27 31 29 26 33 37 34 31 29 52 10 30 30 32 31 39 21 57 41 48 27 23 26 29 8 15 24 24 26 19 15 35 19 43 42 40 11 36 31 46 51 45 24 44 16 36 36 53 37 28 38 38 24 32 14 33 49 49 51 43 50 48 47 45 8 27 14 33 26 26 24 45 35 28 30 37 4 35 30 64 22 42 27 25 30 28 29 45 32 23 9 30 17 36 49 49 37 42 26 30 27 48 25 43 34 31 56 48 34 46 42 42 14 35 42 44 15 35 28 46 29 49 33 52 50 46 33 52 31 71 6 22 18 37 33 55 46 40 34 31 29 25 66 58 25 23 16 17 48 84 48 36 24 40 25 43 24 55 7 27 67 68 10 31 22 45 32 28 27 56 20 18 44 45 28 31 39 37 13 33 25 54 22 28 34 53 13 43 26 42 27 51 43 66 58 84 39 47 33 54 30 51 17 34 36 39 49 67 25 43 26 31 29 36 41 44 38 41 32 27 10 27 22 47 21 20 31 27 17 33 57 45 30 54 31 48 20 28 25 49 29 32 29 26 34 35 12 38 46 67 42 30 41 62 20 25 18 42 31 47 49 67 23 30 35 28 48 67 32 47 37 45 30 31 25 45 49 67 32 40 36 38 25 27 41 43 40 36 33 32 34 32 12 29 46 45 33 44 30 53 24 42 31 57 31 54 45 39 43 45 20 18 30 49 23 18 53 48 43 44 42 50 45 43 49 59 65 66 47 59 27 23 29 34 22 41 54 51 44 41 33 57 31 23 57 51 63 89
Longest time spent idle (Server): 89

Average system size (num active customers):
4.0456273764258555 3.9888475836431225 4.047528517110266 3.772727272727273 4.239923224568138 3.9165085388994307 3.860952380952381 3.934086629001883 4.658040665434381 3.846743295019157 3.8917910447761193 3.941729323308271 3.8757062146892656 4.221374045801527 4.8144712430426715 3.859582542694497 3.9846743295019156 3.7786259541984735 4.028462998102467 4.095505617977528 3.9924098671726753 3.7433962264150944 4.4839319470699435 3.942486085343228 4.142314990512334 4.384761904761905 3.7058823529411766 3.7901701323251418 4.088180112570356 3.8863636363636362 3.823529411764706 4.481973434535105 3.8882575757575757 4.113207547169812 4.135238095238095 4.437616387337058 4.155555555555556 4.475746268656716 4.030360531309298 4.156190476190476 3.745697896749522 3.8433962264150945 3.939047619047619 3.8380414312617703 3.6893939393939394 3.8574144486692017 3.804222648752399 3.7765151515151514 4.268939393939394 3.9441233140655108 4.654205607476635 4.535104364326376 4.425490196078432 4.356472795497186 3.852272727272727 4.2776699029126215 4.165085388994307 4.236940298507463 3.8982725527831095 4.143939393939394 4.094444444444444 3.900763358778626 3.9082397003745317 3.831144465290807 4.067542213883677 3.9322033898305087 3.9418386491557222 3.846880907372401 4.088846880907372 4.12218045112782 3.7661596958174903 3.87189292543021 4.0095238095238095 4.158490566037736 4.3731060606060606 3.843100189035917 4.09811320754717 4.333333333333333 3.9324577861163226 3.9813084112149535 3.9773584905660377 4.159774436090226 4.127579737335835 3.9625468164794007 4.274074074074074 3.835564053537285 4.1679389312977095 4.4103053435114505 4.697463768115942 4.100760456273764 4.207619047619048 4.456766917293233 4.181467181467181 3.850378787878788 4.048689138576779 3.973384030418251 3.9101123595505616 4.1257142857142854 4.358878504672897 3.8665413533834587 3.950943396226415 3.9551401869158878 4.073863636363637 4.614953271028037 4.1770244821092275 3.796190476190476 3.765595463137996 3.881679389312977 4.550284629981024 4.24577861163227 4.427756653992396 3.9120458891013383 4.0150943396226415 4.164750957854406 4.624319419237749 3.8470149253731343 4.003831417624521 4.494252873563219 4.381386861313868 3.8956356736242883 4.19622641509434 4.379506641366224 4.178107606679036 3.780718336483932 3.933209647495362 4.182163187855788 4.182163187855788 4.070610687022901 4.467391304347826 3.8317757009345796 3.8714555765595464 3.871647509578544 4.518656716417911 4.258715596330275 4.405959031657356 3.896030245746692 3.9731285988483687 3.844569288389513 3.920152091254753 4.030188679245283 3.736346516007533 4.746212121212121 4.647495361781076 3.9831775700934577 3.9220532319391634 4.696060037523452 4.223908918406072 3.673040152963671 4.227533460803059 5.220779220779221 3.6007604562737643 3.9120458891013383 4.061420345489443 4.094876660341556 3.8601134215500945 4.325842696629214 3.6240458015267176 4.609345794392524 3.9904214559386975 4.358348968105066 3.8752362948960304 5.325925925925926 3.8574144486692017 4.417769376181474 4.005769230769231 4.631775700934579 3.8870056497175143 4.520833333333333 3.874296435272045 4.317254174397031 4.1965648854961835 4.32 3.7843511450381677 3.560460652591171 3.919776119402985 3.8157894736842106 3.9097744360902253 4.6041275797373356 4.129455909943715 3.71939736346516 3.9616858237547894 4.128491620111732 4.0278810408921935 3.8514285714285714 3.8486590038314175 4.2463503649635035 4.572243346007604 3.936902485659656 4.677121771217712 4.231060606060606 4.30410447761194 3.822641509433962 4.932584269662922 3.899810964083176 4.490566037735849 3.947069943289225 4.222429906542056 4.663602941176471 4.103383458646617 4.354596622889305 3.9790076335877864 4.022598870056497 3.751434034416826 4.555350553505535 4.342307692307692 4.049056603773585 3.715370018975332 4.253308128544424 4.175803402646503 3.6862003780718338 3.9392789373814043 3.9227871939736345 4.084905660377358 4.034682080924855 3.678707224334601 3.9114877589453863 4.151685393258427 4.1231060606060606 4.001915708812261 4.318518518518519 4.27001862197393 3.983018867924528 4.31203007518797 3.8155893536121672 3.952561669829222 3.8568738229755177 4.076628352490421 3.9472693032015065 3.9061913696060038 4.064814814814815 3.839080459770115 4.483271375464684 3.967741935483871 5.256880733944954 3.780075187969925 3.9117082533589254 3.8260038240917784 3.8514285714285714 3.8574108818011257 3.664772727272727 3.8645640074211505 4.414312617702448 4.220338983050848 4.065259117082533 3.8726591760299627 3.8812260536398466 3.8373831775700933 4.289224952741021 3.9213483146067416 3.5359848484848486
Largest average system size: 5.325925925925926

Average queue size:
0.33460076045627374 0.35315985130111527 0.26045627376425856 0.11742424242424243 0.4126679462571977 0.2732447817836812 0.20761904761904762 0.2278719397363465 0.8835489833641405 0.1532567049808429 0.21641791044776118 0.18984962406015038 0.18455743879472694 0.46564885496183206 0.9294990723562152 0.16698292220113853 0.23371647509578544 0.1946564885496183 0.32827324478178366 0.3352059925093633 0.269449715370019 0.1320754716981132 0.6275992438563327 0.2504638218923933 0.3586337760910816 0.56 0.14990512333965844 0.18714555765595464 0.3921200750469043 0.20075757575757575 0.1650853889943074 0.6223908918406073 0.16477272727272727 0.3849056603773585 0.41333333333333333 0.638733705772812 0.3814814814814815 0.7220149253731343 0.38330170777988615 0.38095238095238093 0.14340344168260039 0.17169811320754716 0.259047619047619 0.2297551789077213 0.125 0.1844106463878327 0.1420345489443378 0.24621212121212122 0.4053030303030303 0.17148362235067438 0.7401869158878505 0.6299810246679317 0.6098039215686275 0.5065666041275797 0.1590909090909091 0.4446601941747573 0.3586337760910816 0.36380597014925375 0.14395393474088292 0.35984848484848486 0.3648148148148148 0.22900763358778625 0.3202247191011236 0.1651031894934334 0.3151969981238274 0.23728813559322035 0.27204502814258913 0.15689981096408318 0.391304347826087 0.34398496240601506 0.1311787072243346 0.19694072657743786 0.2838095238095238 0.37358490566037733 0.5928030303030303 0.22495274102079396 0.3169811320754717 0.5393258426966292 0.1951219512195122 0.22429906542056074 0.2830188679245283 0.3101503759398496 0.3602251407129456 0.2247191011235955 0.562962962962963 0.17590822179732313 0.35877862595419846 0.6202290076335878 0.7807971014492754 0.2832699619771863 0.379047619047619 0.6447368421052632 0.42084942084942084 0.16098484848484848 0.2247191011235955 0.2661596958174905 0.2696629213483146 0.38476190476190475 0.5532710280373832 0.20112781954887218 0.19622641509433963 0.23925233644859814 0.2859848484848485 0.7906542056074767 0.5461393596986818 0.15428571428571428 0.13610586011342155 0.23282442748091603 0.683111954459203 0.42213883677298314 0.6254752851711026 0.17590822179732313 0.2528301886792453 0.421455938697318 0.7658802177858439 0.19776119402985073 0.24904214559386972 0.6934865900383141 0.593065693430657 0.17647058823529413 0.4037735849056604 0.5275142314990512 0.3747680890538033 0.15122873345935728 0.22634508348794063 0.3946869070208729 0.4667931688804554 0.3301526717557252 0.7028985507246377 0.2205607476635514 0.17391304347826086 0.19348659003831417 0.7014925373134329 0.5743119266055046 0.5921787709497207 0.17580340264650285 0.272552783109405 0.16292134831460675 0.28517110266159695 0.35094339622641507 0.12052730696798493 0.8522727272727273 0.8515769944341373 0.3121495327102804 0.24904942965779467 0.9399624765478424 0.428842504743833 0.14722753346080306 0.4110898661567878 1.3432282003710576 0.10266159695817491 0.2332695984703633 0.30710172744721687 0.35294117647058826 0.15879017013232513 0.45318352059925093 0.13931297709923665 0.7626168224299066 0.2471264367816092 0.5834896810506567 0.1890359168241966 1.4666666666666666 0.1958174904942966 0.6408317580340265 0.2980769230769231 0.8037383177570093 0.18455743879472694 0.7102272727272727 0.20075046904315197 0.5250463821892394 0.45610687022900764 0.6036363636363636 0.20038167938931298 0.10556621880998081 0.24067164179104478 0.14285714285714285 0.21428571428571427 0.7954971857410882 0.41088180112570355 0.15630885122410546 0.2222222222222222 0.3407821229050279 0.2695167286245353 0.17523809523809525 0.15134099616858238 0.46167883211678834 0.7129277566539924 0.20076481835564053 0.8284132841328413 0.45075757575757575 0.4906716417910448 0.20754716981132076 1.247191011235955 0.19848771266540643 0.6716981132075471 0.22684310018903592 0.4504672897196262 0.8658088235294118 0.36278195488721804 0.5422138836772983 0.41030534351145037 0.2937853107344633 0.14531548757170173 0.7214022140221402 0.573076923076923 0.3433962264150943 0.1555977229601518 0.45368620037807184 0.41398865784499056 0.12098298676748583 0.23908918406072105 0.23163841807909605 0.3150943396226415 0.3044315992292871 0.11977186311787072 0.18267419962335216 0.4288389513108614 0.32007575757575757 0.32375478927203066 0.6 0.5121042830540037 0.2320754716981132 0.46616541353383456 0.16159695817490494 0.24478178368121442 0.1694915254237288 0.32950191570881227 0.2787193973634652 0.225140712945591 0.37592592592592594 0.17624521072796934 0.6245353159851301 0.2675521821631879 1.4073394495412843 0.15977443609022557 0.2456813819577735 0.17782026768642448 0.18666666666666668 0.2626641651031895 0.16098484848484848 0.25788497217068646 0.6026365348399246 0.4576271186440678 0.30710172744721687 0.26591760299625467 0.20689655172413793 0.17383177570093458 0.4933837429111531 0.3258426966292135 0.11174242424242424
Largest average queue size: 1.4666666666666666

Finishing times (Last Client arrival is at or before 510 mins):
526 538 526 528 521 527 525 531 541 522 536 532 531 524 539 527 522 524 527 534 527 530 529 539 527 525 527 529 533 528 527 527 528 530 525 537 540 536 527 525 523 530 525 531 528 526 521 528 528 519 535 527 510 533 528 515 527 536 521 528 540 524 534 533 533 531 533 529 529 532 526 523 525 530 528 529 530 534 533 535 530 532 533 534 540 523 524 524 552 526 525 532 518 528 534 526 534 525 535 532 530 535 528 535 531 525 529 524 527 533 526 523 530 522 551 536 522 522 548 527 530 527 539 529 539 527 527 524 552 535 529 522 536 545 537 529 521 534 526 530 531 528 539 535 526 533 527 523 523 539 526 523 521 527 529 534 524 535 522 533 529 540 526 529 520 535 531 528 533 539 524 550 524 521 536 532 532 533 533 531 522 537 538 525 522 548 526 523 542 528 536 530 534 529 530 529 535 544 532 533 524 531 523 542 520 530 527 529 529 529 527 531 530 519 526 531 534 528 522 540 537 530 532 526 527 531 522 531 533 540 522 538 527 545 532 521 523 525 533 528 539 531 531 521 534 522 535 529 534 528
Latest finishing time: 552
