PARAMS:
Length of simulation (mins): 510
Arrival rate (lambda): 6.0
Service rate (mu): 4.0
Number of servers: 2
Traffic Intensity (assuming no special clients): 0.75
Vars are Poisson Distributed.
There are no special clients.
Number of Simulations 250
========================================

Average waiting times (Client):
0.11764705882352941 0.0 0.02 0.0 0.061224489795918366 0.0 0.02 0.04081632653061224 0.0 0.0 0.04081632653061224 0.0 0.02 0.04 0.14 0.0 0.02040816326530612 0.02 0.058823529411764705 0.0 0.04 0.18867924528301888 0.0 0.0392156862745098 0.0 0.04081632653061224 0.020833333333333332 0.0 0.02 0.0 0.0 0.34 0.17647058823529413 0.020833333333333332 0.0392156862745098 0.0 0.020833333333333332 0.0 0.0625 0.0 0.21568627450980393 0.04081632653061224 0.02 0.0 0.020833333333333332 0.0 0.058823529411764705 0.3125 0.0 0.0 0.0 0.0 0.3 0.0 0.0 0.2549019607843137 0.0 0.0784313725490196 0.16 0.0625 0.0 0.0 0.0196078431372549 0.02040816326530612 0.08695652173913043 0.06 0.14 0.0 0.020833333333333332 0.020833333333333332 0.02040816326530612 0.06 0.0 0.11538461538461539 0.0 0.0 0.02 0.02040816326530612 0.0 0.0 0.08163265306122448 0.0 0.0 0.0 0.0 0.0625 0.020833333333333332 0.0 0.058823529411764705 0.061224489795918366 0.0 0.0 0.0 0.0 0.0 0.06 0.1568627450980392 0.0 0.25 0.08333333333333333 0.0 0.25 0.0425531914893617 0.041666666666666664 0.0625 0.0625 0.0 0.0 0.0 0.058823529411764705 0.041666666666666664 0.041666666666666664 0.12 0.019230769230769232 0.0 0.02127659574468085 0.041666666666666664 0.0 0.0 0.09615384615384616 0.1346153846153846 0.0392156862745098 0.04081632653061224 0.018867924528301886 0.1 0.0 0.057692307692307696 0.16666666666666666 0.47058823529411764 0.0 0.0 0.1568627450980392 0.0 0.04081632653061224 0.0 0.04081632653061224 0.02 0.0 0.10416666666666667 0.16666666666666666 0.020833333333333332 0.09615384615384616 0.019230769230769232 0.13725490196078433 0.11764705882352941 0.02040816326530612 0.06 0.23076923076923078 0.0 0.0 0.125 0.0 0.041666666666666664 0.08 0.04081632653061224 0.0 0.0 0.0 0.0 0.0 0.0 0.0 0.08163265306122448 0.23076923076923078 0.0 0.0 0.0 0.0 0.0 0.0 0.09803921568627451 0.0 0.1276595744680851 0.08695652173913043 0.0 0.0 0.0 0.0 0.0784313725490196 0.0 0.0 0.0 0.0 0.0 0.0 0.10416666666666667 0.06382978723404255 0.0 0.020833333333333332 0.02040816326530612 0.08163265306122448 0.058823529411764705 0.0 0.0 0.0 0.02040816326530612 0.0784313725490196 0.0 0.0 0.0 0.04 0.06 0.061224489795918366 0.0 0.02 0.04081632653061224 0.02 0.0 0.0 0.0 0.02 0.041666666666666664 0.06 0.0 0.0 0.0 0.08 0.0 0.02040816326530612 0.058823529411764705 0.0 0.17647058823529413 0.0 0.0 0.04 0.0392156862745098 0.17307692307692307 0.0 0.0196078431372549 0.0196078431372549 0.0 0.0 0.5102040816326531 0.020833333333333332 0.0 0.04 0.04081632653061224 0.0 0.0392156862745098 0.0 0.0 0.21153846153846154 0.14285714285714285 0.0 0.0 0.0 0.1702127659574468 0.0 0.14285714285714285 0.02040816326530612
Longest average waiting time client: 0.5102040816326531
Mean:	0.046011344016781
Median:	0.02
Mode:	0.0

Average time spent in system:
14.941176470588236 15.0625 15.04 15.26530612244898 14.979591836734693 15.0 14.92 15.0 15.183673469387756 15.083333333333334 15.061224489795919 15.145833333333334 14.96 15.04 14.94 15.0 15.142857142857142 15.02 15.0 14.918367346938776 15.02 15.11320754716981 15.1 15.058823529411764 15.081632653061224 15.081632653061224 15.083333333333334 15.10204081632653 14.96 15.043478260869565 15.04 15.5 15.03921568627451 14.666666666666666 14.92156862745098 14.96 14.875 14.833333333333334 15.125 15.02127659574468 15.117647058823529 14.775510204081632 14.88 14.914893617021276 15.0 15.083333333333334 15.019607843137255 15.4375 14.83673469387755 14.918367346938776 14.851063829787234 15.0 15.46 14.88888888888889 15.081632653061224 15.215686274509803 15.0 15.117647058823529 15.18 15.145833333333334 15.040816326530612 15.085106382978724 15.0 14.979591836734693 14.934782608695652 15.12 15.22 15.020833333333334 15.166666666666666 14.958333333333334 14.979591836734693 15.18 15.041666666666666 15.115384615384615 15.02127659574468 15.040816326530612 15.0 15.26530612244898 15.063829787234043 14.936170212765957 15.10204081632653 14.914893617021276 15.020408163265307 15.0625 15.04 15.145833333333334 14.916666666666666 15.12 15.0 14.959183673469388 14.959183673469388 14.882352941176471 15.23404255319149 14.916666666666666 15.10204081632653 15.2 15.156862745098039 14.891304347826088 15.23076923076923 15.083333333333334 15.042553191489361 15.346153846153847 15.212765957446809 15.208333333333334 15.1875 14.9375 15.0 15.12 15.0 15.117647058823529 15.125 15.25 15.08 14.942307692307692 14.9 15.148936170212766 15.125 15.244897959183673 14.869565217391305 15.211538461538462 15.096153846153847 14.901960784313726 15.040816326530612 15.075471698113208 15.24 14.938775510204081 15.115384615384615 15.1875 15.627450980392156 15.104166666666666 14.957446808510639 15.117647058823529 14.959183673469388 14.979591836734693 14.942307692307692 15.061224489795919 15.02 15.0 15.104166666666666 15.25 14.916666666666666 15.076923076923077 15.192307692307692 15.215686274509803 15.117647058823529 14.89795918367347 15.16 15.211538461538462 14.882352941176471 15.020833333333334 15.229166666666666 14.958333333333334 15.0625 15.02 15.326530612244898 15.212765957446809 15.0 15.106382978723405 14.877551020408163 14.893617021276595 14.959183673469388 14.980392156862745 14.877551020408163 15.423076923076923 14.693877551020408 15.081632653061224 14.877551020408163 14.791666666666666 14.847826086956522 15.083333333333334 14.745098039215685 15.208333333333334 15.127659574468085 15.08695652173913 15.0 15.06 15.0 15.02 14.980392156862745 15.23076923076923 15.061224489795919 15.10204081632653 15.058823529411764 15.063829787234043 14.854166666666666 15.291666666666666 15.127659574468085 15.1875 14.9375 15.020408163265307 15.061224489795919 14.901960784313726 14.959183673469388 14.938775510204081 14.938775510204081 15.081632653061224 15.137254901960784 14.918367346938776 14.978260869565217 15.083333333333334 14.76 14.96 14.979591836734693 14.980392156862745 15.06 14.938775510204081 14.88 14.877551020408163 15.020408163265307 14.9 15.04 15.104166666666666 15.1 15.061224489795919 15.02 15.204081632653061 14.94 14.895833333333334 15.040816326530612 14.901960784313726 14.94 15.117647058823529 14.98 14.958333333333334 14.96 14.980392156862745 15.096153846153847 15.1 15.058823529411764 15.019607843137255 14.89795918367347 15.104166666666666 15.489795918367347 15.104166666666666 15.145833333333334 14.9 15.061224489795919 14.936170212765957 15.0 15.061224489795919 14.795918367346939 15.442307692307692 15.020408163265307 15.020833333333334 15.106382978723405 15.020833333333334 15.319148936170214 14.979166666666666 15.081632653061224 14.959183673469388
Longest average time spent in system: 15.627450980392156

Maximum waiting times (Client):
6 0 1 0 3 0 1 2 0 0 2 0 1 2 4 0 1 1 2 0 2 3 0 2 0 2 1 0 1 0 0 6 3 1 1 0 1 0 3 0 8 2 1 0 1 0 2 6 0 0 0 0 6 0 0 5 0 2 3 2 0 0 1 1 2 3 4 0 1 1 1 3 0 3 0 0 1 1 0 0 2 0 0 0 0 2 1 0 2 2 0 0 0 0 0 2 5 0 4 2 0 3 2 2 3 1 0 0 0 2 2 2 5 1 0 1 2 0 0 2 5 1 2 1 3 0 1 3 6 0 0 5 0 1 0 2 1 0 4 4 1 3 1 3 6 1 2 6 0 0 3 0 1 2 1 0 0 0 0 0 0 0 2 5 0 0 0 0 0 0 4 0 3 3 0 0 0 0 2 0 0 0 0 0 0 3 3 0 1 1 4 2 0 0 0 1 4 0 0 0 1 2 2 0 1 2 1 0 0 0 1 2 2 0 0 0 3 0 1 2 0 5 0 0 2 2 6 0 1 1 0 0 9 1 0 1 2 0 1 0 0 6 5 0 0 0 5 0 4 1
Overall largest waiting time (Client): 9

Maximum time spent in system:
20 16 16 17 18 16 17 18 17 18 16 18 16 16 20 16 16 17 18 17 17 19 16 18 17 17 17 17 17 17 18 21 19 16 17 17 17 17 17 17 22 16 16 16 17 16 17 22 16 17 16 16 22 16 18 21 17 17 18 17 16 17 16 17 17 18 20 17 17 16 17 18 16 18 17 16 17 18 17 17 18 16 17 20 17 17 18 17 18 17 16 16 17 16 16 17 21 18 19 17 17 18 17 17 19 16 17 18 17 17 17 17 19 16 16 18 18 18 16 18 19 18 17 17 18 17 17 18 21 17 16 20 16 17 17 17 16 16 19 19 16 18 17 19 21 16 17 21 16 16 19 16 17 17 17 17 17 17 17 16 17 17 17 20 17 16 17 16 16 18 19 17 18 18 16 17 17 16 18 16 18 16 17 18 16 18 18 17 17 16 18 17 16 17 16 17 19 16 16 16 18 17 17 16 16 16 16 18 17 16 17 17 17 17 17 18 19 17 21 17 17 18 16 17 17 18 21 17 18 17 16 17 24 18 17 16 17 19 17 17 16 21 20 16 18 16 21 16 19 18
Overall largest time spent in system (Client): 24

Time spent serving Clients (mins):
387 369 380 343 389 362 378 370 385 346 374 361 385 360 374 359 377 367 362 362 377 359 366 361 400 347 378 372 401 339 375 375 378 363 393 357 389 373 373 358 372 377 401 390 379 376 392 374 380 359 389 348 375 348 378 362 391 356 365 327 395 357 395 363 386 372 364 339 375 369 375 373 376 337 388 324 376 347 377 329 389 371 363 359 387 356 360 341 363 356 377 347 388 375 363 363 367 360 375 356 364 334 377 358 397 361 357 313 381 358 385 378 394 356 391 376 374 377 377 347 390 347 362 347 373 376 374 359 371 312 394 359 377 377 376 345 366 361 369 348 376 357 379 377 392 330 404 376 374 332 372 365 386 363 384 363 380 328 368 334 371 365 371 330 381 355 378 345 376 376 378 346 366 349 379 377 389 373 368 362 391 342 387 372 363 353 372 344 381 359 379 378 393 372 344 341 405 374 378 342 363 344 412 373 361 352 393 335 363 363 359 355 359 361 374 382 348 342 390 378 378 346 379 351 372 376 405 371 374 371 384 327 379 345 382 365 356 328 409 377 405 373 390 368 376 359 404 394 378 379 373 359 388 395 375 346 395 378 361 364 359 344 388 375 373 360 376 356 389 388 375 361 386 364 377 358 377 343 365 359 371 344 390 389 399 390 385 384 387 378 370 359 377 378 387 392 389 370 371 350 379 346 359 359 362 359 382 365 386 363 365 350 371 349 376 334 372 357 370 330 371 362 390 374 381 344 414 376 365 355 376 363 374 355 368 342 359 324 361 363 386 361 386 344 361 344 358 332 376 374 373 380 394 386 375 376 392 368 391 387 372 366 377 363 392 376 379 329 374 339 381 348 365 343 365 364 376 340 375 360 389 345 389 368 371 362 374 358 372 360 377 361 392 376 371 360 377 312 359 365 382 354 373 372 390 341 390 374 378 374 371 359 369 374 373 356 379 357 374 371 390 361 380 343 393 359 378 360 395 356 393 352 388 355 378 337 390 346 385 372 377 370 388 374 393 356 378 340 386 360 388 374 398 378 380 375 379 373 392 373 386 344 360 365 393 341 377 347 377 350 387 356 377 359 371 331 387 376 379 359 365 360 411 381 387 342 376 345 380 330 376 345 358 354 371 348 375 357 374 358
Most time spent serving Clients: 414
Median: 372

Time spent idle (Server, mins):
138 156 137 174 133 160 147 155 130 169 149 162 143 168 148 163 147 157 162 162 143 161 151 156 124 177 144 150 121 183 145 145 138 153 133 169 131 147 150 165 152 147 119 130 142 145 133 151 145 166 132 173 150 177 147 163 128 163 151 189 126 164 125 157 132 146 162 187 148 154 145 147 149 188 133 197 143 172 142 190 134 152 163 167 136 167 161 180 155 162 148 178 136 149 150 150 156 163 149 168 157 187 142 161 124 160 162 206 141 164 139 146 128 166 122 137 149 146 149 179 130 173 154 169 144 141 144 159 146 205 126 161 139 139 146 177 150 155 152 173 146 165 143 145 135 197 117 145 142 184 152 159 132 155 141 162 139 191 150 184 152 158 152 193 143 169 145 178 149 149 147 179 149 166 144 146 137 153 150 156 132 181 130 145 153 163 145 173 137 159 148 149 128 149 175 178 118 149 138 174 156 175 113 152 158 167 124 182 161 161 160 164 158 156 147 139 171 177 131 143 146 178 137 165 152 148 116 150 148 151 141 198 136 170 138 155 160 188 114 146 118 150 135 157 147 164 122 132 145 144 144 158 135 128 143 172 129 146 162 159 162 177 132 145 146 159 143 163 136 137 151 165 136 158 146 165 139 173 156 162 146 173 130 131 120 129 140 141 139 148 147 158 144 143 140 135 136 155 146 167 142 175 158 158 157 160 141 158 141 164 150 165 144 166 149 191 147 162 145 185 154 163 130 146 138 175 111 149 161 171 148 161 143 162 149 175 161 196 164 162 138 163 134 176 166 183 158 184 141 143 152 145 127 135 143 142 129 153 126 130 151 157 147 161 133 149 145 195 144 179 137 170 156 178 161 162 144 180 149 164 128 172 134 155 147 156 148 164 154 166 140 156 131 147 153 164 141 206 160 154 138 166 152 153 134 183 136 152 139 143 155 167 149 144 147 164 143 165 144 147 134 163 137 174 131 165 143 161 127 166 129 170 129 162 142 183 128 172 133 146 146 153 132 146 129 166 142 180 137 163 133 147 128 148 140 145 144 150 132 151 134 176 157 152 129 181 140 170 148 175 130 161 149 167 147 187 138 149 145 165 157 162 113 143 131 176 142 173 137 187 150 181 161 165 150 173 141 159 141 157
Longest time spent idle (Server): 206
Meadian: 150

Average system size (num active customers):
2.9885714285714284 2.8897485493230173 2.975095785440613 2.942857142857143 2.9398058252427184 2.904397705544933 2.918560606060606 2.9061302681992336 2.933206106870229 2.854961832061069 2.9288461538461537 2.905222437137331 2.948473282442748 2.9731800766283527 2.9444444444444446 2.980769230769231 2.9689922480620154 2.9486692015209126 3.0346153846153845 2.8891013384321225 2.9580152671755724 3.1634615384615383 2.9942418426103647 3.019047619047619 2.9085714285714284 2.927063339731286 2.8476190476190477 2.9123809523809525 2.976878612716763 2.7713178294573644 2.9827255278310942 3.044230769230769 3.0424710424710426 2.7661596958174903 2.9445506692160612 2.973076923076923 2.8095238095238093 2.825335892514395 2.884393063583815 2.811175337186898 3.024856596558317 2.8422053231939164 2.9388145315487573 2.781190019193858 2.870656370656371 2.8495238095238093 3.015267175572519 2.953216374269006 2.8738049713193115 2.883587786259542 2.769673704414587 2.926782273603083 3.034548944337812 2.66859344894027 2.925287356321839 3.0343511450381677 2.9693486590038316 3.0974658869395713 2.982791586998088 2.849809885931559 2.9288461538461537 2.8391472868217056 2.996131528046422 2.9266409266409266 2.738878143133462 2.998076923076923 3.0329457364341086 2.8544061302681993 2.9127906976744184 2.8464491362763917 2.9042145593869733 2.9980842911877397 2.8311195445920303 3.105566218809981 2.8275193798449614 2.9064885496183206 2.9903474903474905 2.940952380952381 2.8188824662813103 2.801158301158301 2.915869980879541 2.770554493307839 2.9026717557251906 2.8565965583173996 2.96 2.855238095238095 2.8718446601941747 2.9866156787762907 3.0 2.918918918918919 2.8967495219885278 3.034816247582205 2.866279069767442 2.862669245647969 2.951737451737452 2.9734345351043645 3.049904030710173 2.7283236994219653 3.1032504780114722 2.891472868217054 2.815028901734104 3.1142857142857143 2.842003853564547 2.9129593810444874 2.868320610687023 2.8497109826589595 2.8781431334622822 2.998080614203455 2.7475915221579963 3.0518234165067177 2.8587786259541983 2.9263565891472867 2.9618320610687023 3.0806142034548945 2.950191570881226 2.8 2.9087378640776698 2.9673076923076924 2.74031007751938 3.11472275334608 3.0879541108986617 2.9885714285714284 2.9082217973231357 3.1368821292775664 3.0 2.9264990328820115 3.0994263862332696 2.891891891891892 3.0935114503816794 2.864244741873805 2.7888675623800383 3.048076923076923 2.9190751445086707 2.9190751445086707 3.059047619047619 2.8954372623574143 2.971264367816092 2.904397705544933 2.893410852713178 2.886756238003839 2.86073500967118 3.105769230769231 3.142581888246628 3.04 3.017110266159696 2.9168278529980656 3.0 3.0777988614800758 2.9885714285714284 2.882011605415861 2.886756238003839 2.870406189555126 2.8747591522157996 2.959847036328872 2.9392789373814043 2.8679611650485435 2.8893203883495144 2.7942857142857145 2.903660886319846 2.8097087378640775 2.8857142857142857 3.0365384615384614 2.8959537572254335 3.1314285714285712 2.8307984790874525 2.91412213740458 2.9148936170212765 2.839458413926499 2.7153846153846155 2.8495238095238093 2.9580152671755724 2.9 2.7760910815939277 2.7713178294573644 2.998065764023211 2.9638095238095237 3.0940499040307103 2.996138996138996 3.0230326295585415 3.1083172147001936 2.915869980879541 2.91793893129771 3.0228571428571427 2.7919847328244276 2.8455598455598454 2.916988416988417 2.8138195777351247 2.8631178707224336 2.848076923076923 2.900763358778626 2.9419729206963248 2.9980879541108987 2.9247104247104247 2.8984674329501914 2.876425855513308 2.9516441005802707 3.0420650095602295 2.883587786259542 2.749034749034749 2.882466281310212 2.9307692307692306 2.939047619047619 2.8893129770992365 3.0019011406844105 3.007736943907157 2.8726235741444865 2.9671814671814674 2.898076923076923 2.913793103448276 2.972972972972973 2.963740458015267 2.893617021276596 2.9713740458015265 2.927063339731286 2.9731800766283527 2.9482758620689653 2.978723404255319 2.8423076923076924 2.9382239382239383 3.027027027027027 2.9521988527724665 3.046153846153846 2.9655172413793105 2.853846153846154 2.9521988527724665 3.0268714011516313 3.0665399239543727 3.0 2.973231357552581 3.019083969465649 2.901923076923077 2.897485493230174 2.954022988505747 2.895551257253385 2.860952380952381 2.974854932301741 2.8954372623574143 2.801158301158301 3.0076190476190474 2.9103053435114505 2.871647509578544 3.1431297709923665 2.922779922779923 2.8764478764478763 2.83752417794971 2.832699619771863 2.8497109826589595 2.852207293666027 2.945736434108527 2.9398058252427184
Largest average system size: 3.1634615384615383

Average queue size:
0.10857142857142857 0.09284332688588008 0.09770114942528736 0.09333333333333334 0.10097087378640776 0.09369024856596558 0.09659090909090909 0.09770114942528736 0.09351145038167939 0.0916030534351145 0.09807692307692308 0.09284332688588008 0.09732824427480916 0.09961685823754789 0.10919540229885058 0.09615384615384616 0.09689922480620156 0.09695817490494296 0.10384615384615385 0.09369024856596558 0.09923664122137404 0.12115384615384615 0.09596928982725528 0.10095238095238095 0.09333333333333334 0.09788867562380038 0.09333333333333334 0.09333333333333334 0.09826589595375723 0.08914728682170543 0.09596928982725528 0.12884615384615383 0.11583011583011583 0.09315589353612168 0.0994263862332696 0.09615384615384616 0.09333333333333334 0.09213051823416507 0.09826589595375723 0.0905587668593449 0.11854684512428298 0.09695817490494296 0.09751434034416825 0.09021113243761997 0.0945945945945946 0.09142857142857143 0.10305343511450382 0.12280701754385964 0.09369024856596558 0.09351145038167939 0.09021113243761997 0.09441233140655106 0.12476007677543186 0.08670520231213873 0.09386973180076628 0.12213740458015267 0.09578544061302682 0.10721247563352826 0.11089866156787763 0.09695817490494296 0.09423076923076923 0.09108527131782945 0.09864603481624758 0.09652509652509653 0.09671179883945841 0.10192307692307692 0.11046511627906977 0.09195402298850575 0.09496124031007752 0.09404990403071017 0.09578544061302682 0.10153256704980843 0.09108159392789374 0.11132437619961612 0.09108527131782945 0.09351145038167939 0.09845559845559845 0.09523809523809523 0.0905587668593449 0.09073359073359073 0.10133843212237094 0.08986615678776291 0.09351145038167939 0.09177820267686425 0.09523809523809523 0.09714285714285714 0.09514563106796116 0.09560229445506692 0.10266159695817491 0.10038610038610038 0.09369024856596558 0.09864603481624758 0.09108527131782945 0.09284332688588008 0.0945945945945946 0.10056925996204934 0.11324376199616124 0.08863198458574181 0.124282982791587 0.10077519379844961 0.0905587668593449 0.12380952380952381 0.09441233140655106 0.09671179883945841 0.09732824427480916 0.09826589595375723 0.09284332688588008 0.09596928982725528 0.08863198458574181 0.1036468330134357 0.09541984732824428 0.09689922480620156 0.10687022900763359 0.1017274472168906 0.09578544061302682 0.09142857142857143 0.0970873786407767 0.09423076923076923 0.08914728682170543 0.1089866156787763 0.11281070745697896 0.10095238095238095 0.09751434034416825 0.10266159695817491 0.10516252390057361 0.09477756286266925 0.10516252390057361 0.10810810810810811 0.1431297709923664 0.09177820267686425 0.09021113243761997 0.11346153846153846 0.09441233140655106 0.09826589595375723 0.09904761904761905 0.09695817490494296 0.09770114942528736 0.09369024856596558 0.10271317829457365 0.10748560460652591 0.09477756286266925 0.10961538461538461 0.10211946050096339 0.11047619047619048 0.10836501901140684 0.09671179883945841 0.1017274472168906 0.12144212523719165 0.09714285714285714 0.09284332688588008 0.1036468330134357 0.09284332688588008 0.09633911368015415 0.10325047801147227 0.0967741935483871 0.0912621359223301 0.09320388349514563 0.08952380952380952 0.09441233140655106 0.0912621359223301 0.09333333333333334 0.09807692307692308 0.10211946050096339 0.1219047619047619 0.09315589353612168 0.09351145038167939 0.09477756286266925 0.09284332688588008 0.08846153846153847 0.09142857142857143 0.10687022900763359 0.09230769230769231 0.10056925996204934 0.09689922480620156 0.09671179883945841 0.09523809523809523 0.09980806142034548 0.09652509652509653 0.10556621880998081 0.09864603481624758 0.09369024856596558 0.09351145038167939 0.09714285714285714 0.08969465648854962 0.09266409266409266 0.10231660231660232 0.09596928982725528 0.09125475285171103 0.09423076923076923 0.09541984732824428 0.10251450676982592 0.10325047801147227 0.0945945945945946 0.09386973180076628 0.09315589353612168 0.09671179883945841 0.10516252390057361 0.09351145038167939 0.0888030888030888 0.09248554913294797 0.1 0.10095238095238095 0.09923664122137404 0.09695817490494296 0.09864603481624758 0.09695817490494296 0.09845559845559845 0.09423076923076923 0.09386973180076628 0.09652509652509653 0.09732824427480916 0.09671179883945841 0.10114503816793893 0.09404990403071017 0.09578544061302682 0.09386973180076628 0.10444874274661509 0.09230769230769231 0.09652509652509653 0.10424710424710425 0.09560229445506692 0.11538461538461539 0.09578544061302682 0.09230769230769231 0.0994263862332696 0.1017274472168906 0.11596958174904944 0.09615384615384616 0.09751434034416825 0.09923664122137404 0.09423076923076923 0.09284332688588008 0.1417624521072797 0.09477756286266925 0.09142857142857143 0.10058027079303675 0.09695817490494296 0.09073359073359073 0.10095238095238095 0.09351145038167939 0.09386973180076628 0.12022900763358779 0.10810810810810811 0.09266409266409266 0.09090909090909091 0.09125475285171103 0.10597302504816955 0.09213051823416507 0.10852713178294573 0.0970873786407767
Largest average queue size: 0.1431297709923664

Finishing times (Last Client arrival is at or before 510 mins):
525 517 522 525 515 523 528 522 524 524 520 517 524 522 522 520 516 526 520 523 524 520 521 525 525 521 525 525 519 516 521 520 518 526 523 520 525 521 519 519 523 526 523 521 518 525 524 513 523 524 521 519 521 519 522 524 522 513 523 526 520 516 517 518 517 520 516 522 516 521 522 522 527 521 516 524 518 525 519 518 523 523 524 523 525 525 515 523 526 518 523 517 516 517 518 527 521 519 523 516 519 525 519 517 524 519 517 521 519 521 524 516 524 521 522 525 515 520 516 523 523 525 523 526 523 517 523 518 524 523 521 520 519 519 525 526 522 523 516 521 517 520 519 525 526 517 521 527 525 517 521 517 519 523 527 515 515 525 519 515 525 520 519 525 526 524 517 517 520 525 524 520 527 516 517 525 521 518 521 517 523 524 525 524 518 518 521 526 520 524 517 523 518 522 526 517 523 524 518 519 520 525 524 526 517 526 518 520 522 518 524 517 524 521 522 522 517 520 518 518 523 520 522 520 523 521 526 520 523 524 520 517 522 517 525 517 526 518 525 524 522 524 518 518 517 526 519 521 516 515
Latest finishing time: 528
Median: 521
