PARAMS:
Length of simulation (mins): 510
Arrival rate (lambda): 6.0
Service rate (mu): 4.0
Number of servers: 2
Traffic Intensity (assuming no special clients): 0.75
Vars are Exponentially Distributed.
Frequency of special clients: 6
Special service rate: 2.0
Special Clients will arrive regularly throughout.
Number of Simulations 250
========================================

Average waiting times (Client):
6.72 1.98 8.0 6.42 0.64 2.5 0.96 0.44 2.6 1.78 3.18 1.34 4.2 0.74 0.74 1.18 1.18 0.98 1.16 1.02 1.08 1.68 1.3 0.3 2.46 2.3 0.9 1.82 3.68 2.7 2.34 0.68 1.22 1.84 2.28 1.26 1.18 0.78 2.08 2.96 3.16 2.66 3.98 1.88 0.94 1.88 0.06 2.62 1.38 1.22 3.72 0.7 1.28 2.56 0.26 0.96 1.98 2.06 1.2 1.42 1.6 2.22 0.56 0.88 2.36 2.2 1.04 3.0 0.48 0.84 0.54 3.8 1.58 2.66 1.38 2.42 0.82 1.14 12.92 0.94 3.9 2.86 3.28 2.62 8.7 3.48 1.68 3.28 1.46 1.64 1.38 1.04 0.88 4.7 6.54 0.62 8.04 1.92 3.2 1.78 2.4 1.96 2.54 3.6 3.68 3.34 2.3 0.06 1.06 2.44 4.86 1.5 1.5 4.72 5.1 0.42 0.66 2.12 2.24 5.04 1.36 0.8 0.78 1.56 1.56 0.56 2.9 0.92 0.44 4.44 1.16 0.9 3.94 1.68 0.34 2.62 1.6 1.36 0.84 2.62 0.98 1.84 1.38 1.14 2.08 3.96 2.08 1.8 2.62 0.88 1.46 0.54 5.54 2.56 4.82 2.74 3.54 2.1 1.48 0.92 1.1 1.32 0.78 1.16 2.18 2.62 0.96 1.54 2.6 1.44 2.3 0.42 1.76 0.62 1.76 1.26 0.62 2.84 2.08 0.66 1.5 3.1 0.58 1.5 1.82 0.82 2.64 0.58 1.34 0.94 11.52 2.6 1.1 0.58 0.54 4.1 4.82 2.54 1.62 1.94 1.12 1.76 1.06 2.26 3.2 2.1 1.58 0.4 3.0 4.1 3.1 3.26 0.88 6.0 0.76 1.54 1.9 3.22 1.7 1.52 1.96 3.06 1.36 0.58 1.68 0.24 2.68 3.62 1.04 1.72 3.04 3.2 6.1 1.34 2.38 0.86 2.94 1.16 6.0 1.64 4.4 0.86 11.96 2.42 1.56 5.2 1.52 1.58 1.64 0.28
Longest average waiting time client: 12.92
Mean:	2.20784
Median:	1.69
Mode:	2.62

Average time spent in system:
26.16 20.0 26.82 25.18 16.48 19.52 18.3 16.84 20.12 18.92 21.6 18.98 22.9 16.86 17.2 18.2 18.78 18.22 17.96 18.18 18.42 18.72 18.42 16.28 20.8 19.56 17.76 20.0 21.3 20.14 20.18 17.4 18.58 19.0 19.7 18.22 19.04 17.82 20.34 21.52 20.74 20.72 21.72 19.1 17.56 19.26 15.32 22.08 19.26 18.36 22.1 17.5 18.86 20.56 16.06 17.28 20.0 19.54 17.94 19.0 19.1 19.78 16.66 17.36 20.78 20.4 18.52 21.0 16.78 17.12 17.46 22.12 19.72 21.3 18.02 20.32 17.74 18.54 33.06 18.14 21.72 20.84 21.12 20.5 26.68 22.38 19.32 21.0 18.82 18.64 18.5 17.84 17.66 22.9 26.02 17.16 26.96 18.68 20.94 20.24 20.72 19.86 20.14 22.1 22.14 20.54 20.42 15.42 18.1 19.84 23.44 19.48 18.4 23.0 24.84 16.52 17.46 20.08 20.12 23.02 18.68 17.38 17.22 18.6 18.64 16.92 21.08 17.88 17.26 21.94 18.86 17.46 21.7 19.42 16.22 20.24 18.76 18.52 16.9 20.54 18.4 19.2 18.42 19.1 19.72 22.36 19.7 19.62 19.94 18.0 18.7 16.3 25.02 20.54 23.76 20.78 21.4 19.76 19.08 17.26 18.14 18.88 17.84 18.02 20.02 19.5 17.66 18.7 20.8 18.82 20.68 16.36 19.08 17.16 19.76 18.44 16.8 21.8 20.48 17.14 19.62 21.72 17.44 19.38 18.58 17.32 20.72 16.92 18.42 18.0 31.36 20.38 18.24 16.84 16.66 22.34 23.02 20.1 18.94 19.1 18.14 20.04 18.12 20.26 21.22 19.14 19.28 16.24 21.96 21.8 21.44 21.76 18.02 25.14 17.54 18.36 18.86 20.8 18.8 18.56 20.04 20.94 18.88 17.48 19.36 15.78 20.96 22.08 17.96 19.1 21.94 21.38 25.4 18.4 20.1 17.8 21.42 19.04 24.98 19.08 22.36 18.42 30.86 20.56 18.86 24.04 18.04 18.74 19.44 16.54
Longest average time spent in system: 33.06
Mean:	19.71512
Median:	19.12
Mode:	18.42, 19.1

Maximum waiting times (Client):
19 11 26 29 9 14 13 6 14 12 16 10 16 9 7 7 8 9 10 8 12 13 8 6 11 15 8 12 21 15 12 8 8 13 13 10 7 6 14 14 20 18 15 15 11 11 3 14 9 10 16 6 7 17 5 11 10 12 10 11 14 15 7 7 11 14 8 16 6 10 7 15 9 14 11 15 7 8 26 6 20 15 23 14 33 14 10 16 9 11 10 13 7 21 21 10 28 12 14 11 15 12 14 15 15 19 12 3 9 12 21 9 11 20 14 6 10 11 13 25 12 10 7 13 14 7 17 7 5 20 8 12 23 9 7 16 10 8 12 14 7 11 9 6 12 22 12 10 15 6 14 10 25 14 18 16 16 13 10 11 13 11 6 13 14 17 10 12 15 10 12 6 12 6 15 12 7 13 10 6 8 14 11 11 11 9 11 6 12 7 30 15 8 7 6 22 17 15 11 16 11 10 10 12 18 17 9 7 14 22 12 12 8 20 8 13 14 14 10 10 13 13 8 8 11 5 16 21 12 11 13 14 17 11 14 7 13 8 24 11 21 8 34 18 11 20 12 11 10 5
Overall largest waiting time (Client): 34

Maximum time spent in system:
45 36 53 58 39 40 33 30 39 36 40 35 40 35 34 37 34 33 31 36 41 32 36 32 39 39 33 36 46 36 37 30 33 36 38 30 36 35 41 39 44 42 42 37 31 33 30 45 31 30 40 32 34 41 30 35 35 42 40 30 34 42 32 35 39 39 33 43 31 30 31 45 32 34 31 41 31 36 49 33 41 34 42 40 57 40 35 46 34 39 31 31 32 46 47 32 56 42 39 36 43 31 40 45 41 45 41 29 30 40 46 32 39 46 38 30 31 41 40 53 35 32 36 36 31 30 41 32 31 51 36 31 46 37 30 41 37 36 32 40 34 33 37 36 41 42 31 37 42 31 36 30 45 40 38 46 43 37 30 31 36 34 31 31 41 37 30 37 36 33 37 31 41 31 46 32 31 39 37 32 37 41 32 32 39 35 34 31 31 35 51 42 32 30 31 45 45 40 35 38 33 38 31 41 38 39 35 32 34 48 37 40 35 43 31 40 40 40 38 37 35 42 36 30 41 30 42 41 37 34 33 40 43 32 43 30 39 33 48 35 50 39 63 37 31 41 40 31 35 33
Overall largest time spent in system (Client): 63

Time spent serving Clients (mins):
495 477 452 449 480 461 471 467 401 391 434 417 447 420 417 403 460 416 434 423 468 453 448 434 470 465 412 394 418 405 431 420 444 436 434 428 419 421 436 422 435 432 429 423 436 420 393 406 463 454 432 431 430 413 445 464 452 429 441 431 453 439 418 418 435 433 438 420 435 436 428 420 456 437 434 418 470 443 462 466 446 433 450 453 452 435 439 422 424 407 433 436 392 371 479 494 457 437 435 422 462 457 421 419 445 434 463 437 403 387 416 400 449 452 437 437 432 405 440 439 435 440 447 431 409 396 421 403 468 453 451 459 439 435 454 446 423 392 423 391 422 424 456 460 481 426 480 452 426 406 445 450 428 418 447 423 499 508 437 423 455 436 450 449 452 440 449 445 463 436 479 466 446 436 451 435 436 432 432 418 435 421 423 417 431 408 462 448 490 484 420 407 487 459 420 418 447 440 476 447 464 452 446 449 433 447 467 458 456 467 439 421 454 452 387 381 437 415 436 434 465 464 461 438 428 417 466 448 517 470 400 405 417 423 465 433 435 459 446 453 434 432 407 422 419 403 433 419 433 421 406 412 460 449 424 424 434 407 443 432 435 450 407 421 450 438 450 437 406 388 462 419 447 411 435 423 399 404 453 443 446 425 451 417 442 410 450 448 454 428 467 453 446 435 453 438 431 435 431 425 430 432 400 388 491 483 465 434 483 464 453 449 443 450 454 429 449 431 406 411 436 416 446 432 432 421 423 420 444 448 418 426 415 420 437 421 456 454 447 422 466 453 405 392 441 425 420 407 450 450 438 421 420 389 479 469 462 458 419 405 454 452 477 454 421 422 444 450 417 421 420 405 451 453 414 403 417 437 448 405 513 479 452 437 434 423 409 404 410 396 466 446 462 448 442 436 433 433 436 422 417 434 463 451 421 432 455 445 448 453 421 431 450 435 404 388 465 483 447 438 462 455 462 463 419 438 482 475 420 419 431 410 425 423 447 432 436 419 435 417 452 452 456 438 436 440 428 417 451 433 388 389 464 450 463 460 412 434 434 435 479 466 459 450 483 482 440 413 449 437 424 423 462 462 457 437 472 477 438 434 449 449 444 434 481 464 468 439 448 417 463 479 418 408 446 412 449 441 412 401
Most time spent serving Clients: 517
Median: 436

Time spent idle (Server, mins):
39 57 74 77 40 59 54 58 119 129 87 104 88 115 110 124 76 120 86 97 56 71 73 87 51 56 108 126 105 118 93 104 76 84 91 97 106 104 85 99 102 105 94 100 90 106 141 128 62 71 95 96 94 111 96 77 71 94 80 90 68 82 102 102 88 90 82 100 84 83 98 106 72 91 94 110 66 93 65 61 77 90 74 71 75 92 91 108 102 119 93 90 132 153 72 57 80 100 86 99 64 69 102 104 76 87 65 91 119 135 111 127 73 70 90 90 89 116 92 93 97 92 86 102 113 126 100 118 54 69 85 77 90 94 72 80 100 131 100 132 103 101 77 73 55 110 61 89 101 121 91 86 94 104 80 104 38 29 83 97 67 86 71 72 70 82 74 78 57 84 46 59 76 86 75 91 84 88 89 103 85 99 104 110 90 113 60 74 48 54 101 114 60 88 99 101 74 81 63 92 77 89 76 73 105 91 59 68 64 53 83 101 65 67 134 140 84 106 91 93 56 57 75 98 100 111 60 78 26 73 119 114 120 114 73 105 109 85 74 67 102 104 131 116 101 117 94 108 88 100 114 108 78 89 98 98 102 129 78 89 101 86 130 116 72 84 71 84 115 133 76 119 72 108 86 98 123 118 82 92 79 100 78 112 80 112 81 83 81 107 55 69 72 83 67 82 90 86 92 98 92 90 120 132 55 63 71 102 48 67 84 88 87 80 67 92 78 96 116 111 96 116 76 90 94 105 103 106 84 80 103 95 116 111 84 100 75 77 90 115 67 80 115 128 82 98 101 114 100 100 88 105 101 132 52 62 65 69 101 115 83 85 52 75 118 117 76 70 109 105 102 117 76 74 108 119 120 100 94 137 15 49 75 90 91 102 113 118 110 124 56 76 59 73 81 87 88 88 85 99 120 103 59 71 115 104 71 81 74 69 100 90 71 86 119 135 72 54 81 90 60 67 59 58 118 99 40 47 107 108 99 120 102 104 79 94 83 100 88 106 68 68 64 82 92 88 97 108 78 96 133 132 68 82 58 61 132 110 88 87 45 58 76 85 45 46 86 113 71 83 97 98 68 68 70 90 64 59 89 93 76 76 92 102 40 57 68 97 90 121 77 61 103 113 75 109 76 84 111 122
Longest time spent idle (Server): 153
Median: 90

Average system size (num active customers):
4.3632958801498125 3.709125475285171 4.484615384615385 4.28 3.203846153846154 3.602687140115163 3.424299065420561 3.2485768500948766 3.6044776119402986 3.5634615384615387 3.91412213740458 3.6103646833013436 4.088291746641075 3.2673076923076922 3.3135755258126194 3.4561068702290076 3.5942307692307693 3.4723809523809526 3.4057142857142857 3.487523992322457 3.4227188081936686 3.51434034416826 3.473384030418251 3.114232209737828 3.822857142857143 3.588235294117647 3.398854961832061 3.621072088724584 3.8164435946462714 3.7024952015355086 3.7447216890595008 3.376923076923077 3.5315487571701722 3.5730769230769233 3.672447013487476 3.4391634980988592 3.5890151515151514 3.3958333333333335 3.6940298507462686 3.8975332068311195 3.7590822179732313 3.795801526717557 3.838709677419355 3.520754716981132 3.344106463878327 3.5779467680608366 3.013358778625954 3.8602540834845733 3.5512104283054002 3.502879078694818 3.9429657794676807 3.374760994263862 3.5930902111324374 3.746212121212121 3.1475095785440614 3.282732447817837 3.7375478927203063 3.6072106261859584 3.4241842610364683 3.531954887218045 3.5338345864661656 3.596622889305816 3.2337164750957856 3.343570057581574 3.8505747126436782 3.6940298507462686 3.497164461247637 3.802281368821293 3.2581261950286806 3.288718929254302 3.3695238095238094 3.8874296435272044 3.625 3.7837338262476896 3.383301707779886 3.658582089552239 3.4157088122605366 3.504743833017078 5.046554934823091 3.4942307692307693 3.8831417624521074 3.8214971209213053 3.8275862068965516 3.7648183556405352 4.390384615384615 4.026666666666666 3.636015325670498 3.7756653992395437 3.575 3.5163147792706333 3.521153846153846 3.381404174573055 3.401151631477927 4.032567049808429 4.321561338289963 3.330134357005758 4.285191956124314 3.510597302504817 3.8080614203454894 3.6827458256029684 3.700554528650647 3.7126436781609193 3.600371747211896 3.9543726235741445 4.0 3.710727969348659 3.8092485549132946 3.049904030710173 3.468330134357006 3.6280834914611004 4.128598848368522 3.587686567164179 3.4375 4.019011406844107 4.197053406998158 3.2389210019267822 3.283054003724395 3.6282527881040894 3.5845588235294117 4.038461538461538 3.451492537313433 3.2490706319702602 3.332692307692308 3.476280834914611 3.523992322456814 3.296153846153846 3.741635687732342 3.4329501915708813 3.2723880597014925 3.8809980806142033 3.503731343283582 3.260707635009311 3.875478927203065 3.6621880998080614 3.1765834932821497 3.6115241635687734 3.556840077071291 3.5201535508637236 3.2528735632183907 3.6878504672897194 3.506666666666667 3.5500945179584122 3.492337164750958 3.583804143126177 3.5850467289719625 4.0 3.698841698841699 3.6961538461538463 3.671785028790787 3.453154875717017 3.5383141762452106 3.1788461538461537 4.166666666666667 3.6865671641791047 4.114877589453861 3.707635009310987 3.79811320754717 3.6871401151631478 3.5749525616698294 3.314176245210728 3.4003759398496243 3.586206896551724 3.41254752851711 3.4106463878326996 3.679924242424242 3.587332053742802 3.329566854990584 3.5374280230326294 3.766478342749529 3.463687150837989 3.7579737335834897 3.201923076923077 3.575525812619503 3.330134357005758 3.5236363636363635 3.4809885931558937 3.2610364683301345 3.9322033898305087 3.7836812144212524 3.328846153846154 3.60707635009311 3.9073724007561434 3.274582560296846 3.6788461538461537 3.4543726235741445 3.335249042145594 3.7760910815939277 3.281609195402299 3.398510242085661 3.3265682656826567 4.943181818181818 3.715370018975332 3.4647619047619047 3.2662835249042144 3.248076923076923 3.9827586206896552 4.051823416506718 3.6959847036328872 3.5758157389635317 3.5758157389635317 3.366852886405959 3.7662835249042144 3.375 3.7319391634980987 3.8544061302681993 3.568138195777351 3.6449136276391556 3.1625239005736137 3.90316573556797 3.835227272727273 3.9061302681992336 3.9596928982725528 3.366852886405959 4.337164750957855 3.351043643263757 3.413207547169811 3.493358633776091 3.7433460076045626 3.554913294797688 3.4990439770554493 3.7615384615384615 3.828846153846154 3.5416666666666665 3.3695238095238094 3.5954631379962194 3.1017274472168905 3.781954887218045 3.986564299424184 3.297794117647059 3.5900383141762453 3.9923664122137406 3.790654205607477 4.327651515151516 3.4657794676806084 3.7326923076923078 3.4299424184261036 3.858490566037736 3.5977229601518026 4.1940298507462686 3.55977229601518 3.935238095238095 3.449626865671642 4.871401151631478 3.703358208955224 3.453531598513011 4.062962962962963 3.412667946257198 3.5412667946257197 3.6419047619047618 3.231357552581262
Largest average system size: 5.046554934823091

Average queue size:
0.7228464419475655 0.2832699619771863 0.8653846153846154 0.7066666666666667 0.1576923076923077 0.33589251439539347 0.18317757009345795 0.1366223908918406 0.3358208955223881 0.2673076923076923 0.3988549618320611 0.22456813819577734 0.4990403071017274 0.1673076923076923 0.16634799235181644 0.20801526717557253 0.20961538461538462 0.18857142857142858 0.2057142857142857 0.19385796545105566 0.19366852886405958 0.25621414913957935 0.21863117870722434 0.12172284644194757 0.3295238095238095 0.31309297912713474 0.18129770992366412 0.26062846580406657 0.4474187380497132 0.3550863723608445 0.32053742802303264 0.16153846153846155 0.21223709369024857 0.27307692307692305 0.3159922928709056 0.21482889733840305 0.20643939393939395 0.16856060606060605 0.2873134328358209 0.3757115749525617 0.3977055449330784 0.34923664122137404 0.47248576850094876 0.27169811320754716 0.1844106463878327 0.2737642585551331 0.10114503816793893 0.32849364791288566 0.22160148975791433 0.21305182341650672 0.44866920152091255 0.16252390057361377 0.21880998080614203 0.3371212121212121 0.1206896551724138 0.1859582542694497 0.28544061302681994 0.2903225806451613 0.21113243761996162 0.2274436090225564 0.24436090225563908 0.30206378986866794 0.14942528735632185 0.18042226487523993 0.3218390804597701 0.29850746268656714 0.19281663516068054 0.38022813688212925 0.14149139579349904 0.17590822179732313 0.14666666666666667 0.450281425891182 0.24067164179104478 0.33826247689463956 0.22580645161290322 0.31902985074626866 0.1743295019157088 0.2030360531309298 1.2960893854748603 0.18653846153846154 0.46934865900383144 0.3704414587332054 0.4099616858237548 0.34608030592734224 0.9326923076923077 0.4266666666666667 0.2567049808429119 0.4068441064638783 0.23653846153846153 0.2533589251439539 0.22884615384615384 0.1935483870967742 0.18042226487523993 0.5459770114942529 0.7007434944237918 0.15547024952015356 0.8263254113345521 0.2813102119460501 0.40307101727447214 0.25788497217068646 0.3142329020332717 0.2835249042145594 0.32899628252788105 0.4372623574144487 0.45 0.4157088122605364 0.3179190751445087 0.1017274472168906 0.19769673704414586 0.32637571157495254 0.5623800383877159 0.2332089552238806 0.23674242424242425 0.5437262357414449 0.5616942909760589 0.13680154142581888 0.15456238361266295 0.2899628252788104 0.2977941176470588 0.5807692307692308 0.22014925373134328 0.16728624535315986 0.17115384615384616 0.2428842504743833 0.2456813819577735 0.15 0.362453531598513 0.1839080459770115 0.13432835820895522 0.5220729366602687 0.20149253731343283 0.17690875232774675 0.4731800766283525 0.2571976967370441 0.12859884836852206 0.33643122676579923 0.2504816955684008 0.22648752399232247 0.17624521072796934 0.3383177570093458 0.18857142857142858 0.2684310018903592 0.22796934865900384 0.2015065913370998 0.28785046728971964 0.47509578544061304 0.2972972972972973 0.2692307692307692 0.3474088291746641 0.17973231357552583 0.23563218390804597 0.14807692307692308 0.5989010989010989 0.332089552238806 0.5480225988700564 0.34823091247672255 0.42830188679245285 0.29750479846449135 0.23529411764705882 0.1839080459770115 0.19736842105263158 0.2222222222222222 0.16920152091254753 0.20532319391634982 0.30113636363636365 0.3474088291746641 0.18455743879472694 0.2437619961612284 0.3389830508474576 0.2271880819366853 0.30956848030018763 0.13653846153846153 0.2638623326959847 0.15547024952015356 0.2509090909090909 0.21482889733840305 0.15547024952015356 0.3615819209039548 0.2922201138519924 0.1596153846153846 0.23277467411545624 0.387523629489603 0.14656771799628943 0.2403846153846154 0.26806083650190116 0.1743295019157088 0.34535104364326374 0.15134099616858238 0.21787709497206703 0.17896678966789667 1.1856060606060606 0.3415559772296015 0.2 0.15134099616858238 0.14807692307692308 0.4885057471264368 0.5585412667946257 0.3384321223709369 0.2514395393474088 0.2821497120921305 0.1973929236499069 0.26436781609195403 0.1921641791044776 0.30988593155893535 0.40229885057471265 0.29750479846449135 0.2476007677543186 0.1338432122370937 0.37243947858473 0.48295454545454547 0.39272030651340994 0.4088291746641075 0.1750465549348231 0.6704980842911877 0.16698292220113853 0.23962264150943396 0.27514231499051234 0.4011406844106464 0.26011560693641617 0.24091778202676864 0.2846153846153846 0.3903846153846154 0.22348484848484848 0.15047619047619049 0.2533081285444234 0.11900191938579655 0.3458646616541353 0.44337811900191937 0.1875 0.26053639846743293 0.38549618320610685 0.3925233644859813 0.6723484848484849 0.2224334600760456 0.325 0.1785028790786948 0.37169811320754714 0.2049335863377609 0.6529850746268657 0.2504743833017078 0.5142857142857142 0.17350746268656717 1.2437619961612285 0.31902985074626866 0.2379182156133829 0.5740740740740741 0.2418426103646833 0.2476007677543186 0.25142857142857145 0.12237093690248566
Largest average queue size: 1.2960893854748603

Finishing times (Last Client arrival is at or before 510 mins):
534 526 520 525 520 521 535 527 536 520 524 521 521 520 523 524 520 525 525 521 537 523 526 534 525 527 524 541 523 521 521 520 523 520 519 526 528 528 536 527 523 524 527 530 526 526 524 551 537 521 526 523 521 528 522 527 522 527 521 532 532 533 522 521 522 536 529 526 523 523 525 533 536 541 527 536 522 527 537 520 522 521 522 523 520 525 522 526 520 521 520 527 521 522 538 521 547 519 521 539 541 522 538 526 520 522 519 521 521 527 521 536 528 526 543 519 537 538 544 520 536 538 520 527 521 520 538 522 536 521 536 537 522 521 521 538 519 521 522 535 525 529 522 531 535 522 518 520 521 523 522 520 546 536 531 537 530 521 527 522 532 522 526 526 528 521 531 521 531 537 533 520 523 521 550 526 521 531 527 520 537 529 539 520 526 522 527 522 537 542 528 527 525 522 520 522 521 523 521 521 537 522 536 526 522 521 521 523 537 528 522 521 537 522 527 530 527 526 519 523 520 520 528 525 529 521 532 521 544 522 524 535 528 526 520 521 530 527 536 527 525 536 521 536 538 540 521 521 525 523
Latest finishing time: 551
Median: 525
