PARAMS:
Length of simulation (mins): 510
Arrival rate (lambda): 6.0
Service rate (mu): 4.0
Number of servers: 2
Traffic Intensity (assuming no special clients): 0.75
Vars are Exponentially Distributed.
Frequency of special clients: 6
Special service rate: 2.0
Special Clients will arrive last.
Number of Simulations 250
========================================

Average waiting times (Client):
2.42 2.32 2.4 2.34 2.38 2.48 2.14 2.32 2.66 2.5 2.48 2.38 2.4 2.26 2.64 2.44 2.44 2.46 2.56 2.42 2.64 2.56 2.4 2.14 2.46 2.52 2.28 2.18 2.54 2.28 2.3 2.36 2.32 2.5 2.58 2.64 2.32 2.62 2.42 2.44 2.42 2.34 2.52 2.28 2.44 2.36 2.26 2.52 2.48 2.14 2.22 2.44 2.64 2.34 2.46 2.46 2.46 2.16 2.5 2.24 2.64 2.56 2.4 2.76 2.5 2.4 2.46 2.34 2.34 2.54 2.18 2.44 2.62 2.52 2.4 2.44 2.5 2.24 2.32 2.46 2.64 2.4 2.58 2.4 2.34 2.72 2.24 2.44 2.12 2.48 2.36 2.4 2.34 2.38 2.48 2.28 2.54 2.38 2.6 2.52 2.84 2.4 2.4 2.26 2.42 2.52 2.46 2.4 2.4 2.5 2.46 2.6 2.38 2.56 2.58 2.66 2.44 2.42 2.44 2.6 2.34 2.38 2.44 2.38 2.44 2.42 2.26 2.32 2.26 2.4 2.64 2.18 2.24 2.4 2.46 2.38 2.34 2.4 2.28 2.52 2.22 2.66 2.68 2.1 2.4 2.42 2.14 2.48 2.44 2.34 2.38 2.48 2.38 2.36 2.44 2.6 2.42 2.34 2.5 2.4 2.44 2.28 2.48 2.58 2.36 2.24 2.24 2.36 2.22 2.32 2.5 2.5 2.36 2.48 2.52 2.58 2.32 2.48 2.36 2.42 2.3 2.34 2.42 2.62 2.66 2.48 2.18 2.2 2.48 2.36 2.2 2.46 2.52 2.66 2.34 2.36 2.4 2.42 2.22 2.46 2.66 2.92 2.32 2.48 2.66 2.6 2.42 2.52 2.26 2.28 2.44 2.44 2.26 2.44 2.36 2.3 2.68 2.36 2.36 2.46 2.32 2.6 2.12 2.3 2.36 2.6 2.54 2.48 2.34 2.34 2.6 2.44 2.32 2.4 2.28 2.18 2.56 2.44 2.32 2.44 2.24 2.5 2.4 2.28 2.44 2.36 2.44 2.5 2.16 2.42
Longest average waiting time client: 2.92
Mean:	2.41912
Median:	2.42
Mode:	2.44

Average time spent in system:
19.86 19.86 20.02 19.74 19.9 19.88 19.52 19.66 20.18 19.86 19.94 19.58 19.7 19.6 19.9 19.6 19.94 19.9 20.06 19.66 20.1 20.04 20.0 19.42 19.86 20.04 19.58 19.46 20.08 19.8 19.74 19.68 19.74 19.94 20.1 20.08 19.76 20.1 19.88 19.86 19.66 19.8 19.98 19.84 19.98 19.66 19.62 20.06 19.82 19.48 19.58 19.88 20.1 19.8 19.84 19.86 19.96 19.3 20.04 19.42 20.04 19.9 19.78 20.2 19.94 19.82 19.84 19.74 19.74 20.0 19.58 19.74 20.12 19.9 19.74 19.88 19.8 19.62 19.64 19.84 20.12 19.72 20.08 19.92 19.7 20.2 19.62 19.82 19.54 19.94 19.76 19.86 19.62 19.8 19.86 19.78 19.82 19.86 19.86 20.0 20.24 19.84 19.74 19.66 19.62 19.92 19.7 19.74 19.8 19.86 19.74 19.98 19.9 19.96 20.0 20.08 19.76 19.82 19.8 19.88 19.72 19.6 19.88 19.68 19.82 20.06 19.6 19.78 19.72 19.88 20.14 19.72 19.5 19.82 19.84 19.76 19.68 19.88 19.5 19.76 19.56 20.2 20.26 19.42 19.92 19.76 19.52 19.8 19.68 19.54 19.88 19.86 19.58 19.66 19.94 20.2 19.78 19.66 19.88 19.74 19.76 19.48 19.7 19.94 19.66 19.74 19.8 19.82 19.54 19.68 19.78 19.86 19.72 19.92 20.02 19.96 19.7 19.96 19.78 19.98 19.82 19.54 19.7 20.0 20.28 19.9 19.52 19.8 19.74 19.72 19.44 19.88 19.9 20.22 19.7 19.74 19.84 19.82 19.46 19.86 20.04 20.3 19.58 19.96 20.1 19.96 19.88 19.72 19.44 19.72 19.78 20.0 19.7 19.96 19.74 19.7 20.16 19.92 19.82 19.92 19.78 19.9 19.56 19.6 19.74 20.14 19.86 19.72 19.64 19.72 20.14 19.88 19.74 19.66 19.48 19.52 20.12 19.86 19.68 20.0 19.52 19.98 19.9 19.6 19.82 19.84 19.78 19.88 19.46 19.76
Longest average time spent in system: 20.3

Maximum waiting times (Client):
31 28 31 31 31 30 29 29 32 32 32 30 31 27 34 32 32 32 34 30 36 34 32 26 30 32 30 31 35 30 28 30 31 34 32 33 32 34 33 30 32 32 31 30 33 31 29 32 32 29 28 34 34 30 31 32 36 30 33 29 35 32 31 34 32 33 31 29 32 32 31 30 33 30 32 32 31 30 34 32 34 32 34 31 30 37 30 32 29 30 30 31 31 30 29 28 32 30 33 34 33 31 29 30 31 32 33 30 31 31 32 32 33 32 32 34 31 30 34 32 31 30 32 31 32 31 31 32 31 30 33 30 29 33 32 30 30 31 29 32 30 33 33 28 31 31 29 31 29 30 32 34 31 31 32 34 32 33 33 30 32 29 31 32 31 29 30 32 29 30 32 31 32 34 32 32 35 32 31 31 32 29 31 32 34 33 28 28 33 32 29 31 32 34 30 29 30 31 29 33 34 35 32 32 33 32 31 32 33 29 32 34 31 31 30 30 34 30 31 32 32 31 28 31 32 34 33 30 30 30 32 31 29 31 31 29 32 32 33 31 28 31 32 31 31 29 30 33 29 31
Overall largest waiting time (Client): 37

Maximum time spent in system:
61 59 60 61 61 60 59 59 62 62 61 60 61 57 63 60 62 62 63 61 66 64 62 55 59 62 60 60 66 62 59 60 61 65 62 62 62 65 64 60 61 61 61 60 62 61 59 61 61 60 57 64 64 60 62 61 65 60 63 59 66 62 61 64 62 63 62 59 62 62 61 59 63 60 62 62 61 60 64 62 65 62 65 61 60 67 59 64 59 61 59 61 61 60 60 59 62 62 62 63 63 60 60 60 61 61 63 61 62 61 63 61 63 61 62 64 61 60 63 61 62 59 64 61 62 61 61 62 61 61 63 59 59 62 61 59 61 61 59 62 60 63 63 58 61 61 59 61 59 60 61 63 61 61 62 65 62 63 62 59 62 59 61 64 60 59 59 62 60 61 63 61 62 64 62 62 65 62 60 62 62 60 60 62 68 62 57 60 63 62 59 62 62 64 59 59 60 61 59 64 64 65 63 62 63 62 61 62 63 60 61 64 61 61 60 60 64 59 62 63 62 61 57 62 63 64 63 60 60 60 62 62 59 61 60 59 62 60 62 61 58 61 62 60 61 59 61 63 59 62
Overall largest time spent in system (Client): 68

Time spent serving Clients (mins):
438 434 441 436 438 443 437 433 443 433 448 422 432 437 433 434 441 435 448 420 452 421 447 413 448 417 432 435 433 430 429 429 438 437 429 443 434 441 433 429 436 437 436 438 454 426 446 418 451 419 433 443 447 418 434 430 438 439 435 441 450 422 439 427 436 435 435 437 435 441 437 435 435 437 437 437 436 437 443 428 450 412 442 431 433 440 439 439 436 441 433 432 438 430 438 439 440 427 434 433 433 435 438 434 435 438 440 433 432 437 438 432 439 436 433 424 438 439 430 429 434 436 446 421 434 435 436 436 441 431 431 440 438 431 449 421 436 434 456 417 435 435 449 416 439 436 436 433 433 434 452 420 448 417 431 438 454 412 434 435 447 427 434 432 448 427 436 440 434 434 434 440 434 435 431 438 436 435 450 423 434 436 441 432 427 437 437 434 435 434 452 423 445 419 441 433 436 427 436 438 449 421 438 434 438 429 450 420 429 431 447 423 432 430 436 431 436 434 431 437 445 419 436 433 437 439 438 432 431 440 435 436 434 432 438 432 433 435 446 418 435 434 434 427 441 431 431 434 436 433 453 429 433 434 433 440 435 438 434 440 453 422 456 421 445 418 453 418 432 437 439 430 432 435 436 438 426 435 431 431 434 433 438 439 443 436 430 436 449 427 436 431 451 418 430 436 431 431 447 413 437 438 449 420 430 430 428 437 437 438 442 438 432 436 446 405 435 434 440 427 448 418 432 428 428 433 432 436 430 435 437 438 438 440 451 422 447 419 434 434 433 431 430 438 437 431 438 434 439 436 433 436 452 417 455 419 437 434 441 437 438 438 428 432 446 418 438 431 455 426 434 437 435 432 440 440 430 433 448 420 431 431 431 440 441 428 441 437 436 432 451 418 437 435 436 434 428 434 450 420 452 417 450 419 452 411 441 433 439 433 434 434 437 436 425 435 427 432 445 427 432 435 441 437 440 432 439 437 435 434 436 434 451 423 444 434 438 435 439 434 436 437 433 432 452 420 432 433 450 419 438 439 432 434 432 430 444 421 433 436 444 433 433 439 435 436 445 418 426 434 434 433 442 436 435 436 444 424 438 440 438 426 437 437 434 441 430 436 455 414 435 439 435 432 433 436 433 432 447 420
Most time spent serving Clients: 456
Median: 435

Time spent idle (Server, mins):
129 133 124 129 128 123 128 132 124 134 117 143 131 126 133 132 126 132 119 147 115 146 117 151 118 149 132 129 134 137 133 133 124 125 138 124 132 125 129 133 134 133 132 130 115 143 117 145 115 147 135 125 117 146 129 133 127 126 133 127 116 144 125 137 129 130 134 132 134 128 131 133 133 131 133 133 133 132 121 136 116 154 122 133 134 127 124 124 130 125 134 135 127 135 130 129 124 137 131 132 130 128 126 130 135 132 125 132 133 128 128 134 124 127 129 138 130 129 133 134 138 136 120 145 132 131 130 130 125 135 138 129 126 133 117 145 128 130 112 151 133 133 116 149 130 133 130 133 134 133 115 147 117 148 135 128 115 157 133 132 121 141 130 132 121 142 130 126 133 133 133 127 131 130 140 133 127 128 117 144 132 130 126 135 138 128 130 133 132 133 113 142 120 146 127 135 132 141 128 126 118 146 128 132 129 138 116 146 135 133 119 143 136 138 131 136 129 131 136 130 123 149 130 133 127 125 129 135 138 129 135 134 133 135 128 134 131 129 118 146 129 130 131 138 128 138 135 132 130 133 114 138 130 129 134 127 131 128 133 127 115 146 109 144 120 147 113 148 135 130 125 134 135 132 130 128 138 129 136 136 131 132 131 130 123 130 133 127 117 139 128 133 115 148 137 131 136 136 120 154 129 128 114 143 136 136 139 130 128 127 125 129 136 132 118 159 132 133 124 137 116 146 133 137 138 133 134 130 136 131 129 128 128 126 116 145 117 145 131 131 134 136 134 126 125 131 129 133 128 131 135 132 114 149 113 149 129 132 125 129 128 128 139 135 118 146 128 135 113 142 133 130 128 131 127 127 138 135 116 144 131 131 137 128 126 139 128 132 130 134 117 150 129 131 131 133 138 132 115 145 118 153 118 149 117 158 123 131 130 136 134 134 129 130 142 132 141 136 120 138 133 130 125 129 123 131 128 130 132 133 130 132 117 145 121 131 128 131 126 131 127 126 135 136 112 144 134 133 114 145 127 126 136 134 134 136 119 142 133 130 123 134 135 129 131 130 122 149 142 134 130 131 124 130 131 130 121 141 130 128 125 137 131 131 134 127 135 129 112 153 131 127 132 135 132 129 132 133 118 145
Longest time spent idle (Server): 159
Median: 90

Average system size (num active customers):
3.377425044091711 3.398230088495575 3.4134275618374557 3.375221238938053 3.3880070546737215 3.3876106194690268 3.3658969804618115 3.3568904593639575 3.4126984126984126 3.3703703703703702 3.386243386243386 3.349290780141844 3.3568904593639575 3.3634751773049647 3.365079365079365 3.3594306049822062 3.419928825622776 3.380952380952381 3.4063604240282683 3.3718861209964412 3.382456140350877 3.390845070422535 3.3919156414762743 3.3481349911190055 3.3798586572438163 3.3943661971830985 3.358156028368794 3.3516873889875667 3.4176991150442477 3.3732394366197185 3.372791519434629 3.368794326241135 3.376991150442478 3.3725834797891037 3.393673110720562 3.390845070422535 3.362676056338028 3.3842105263157896 3.369068541300527 3.393617021276596 3.3480565371024733 3.391843971631206 3.3897707231040566 3.4103019538188275 3.402826855123675 3.3474426807760143 3.361061946902655 3.397887323943662 3.382978723404255 3.3469026548672565 3.369449378330373 3.397163120567376 3.382456140350877 3.3858407079646016 3.382300884955752 3.3798586572438163 3.4156305506216698 3.3309608540925266 3.3961267605633805 3.339253996447602 3.36013986013986 3.3780918727915195 3.371024734982332 3.4134275618374557 3.3904593639575973 3.3602811950790863 3.3882978723404253 3.3692579505300353 3.381205673758865 3.38556338028169 3.3433098591549295 3.366371681415929 3.393673110720562 3.381625441696113 3.3580246913580245 3.379188712522046 3.3716814159292037 3.3568904593639575 3.335676625659051 3.3703703703703702 3.397887323943662 3.372340425531915 3.390158172231986 3.395759717314488 3.3562610229276895 3.4109347442680775 3.3628318584070795 3.3450087565674256 3.3712255772646538 3.386243386243386 3.371024734982332 3.379188712522046 3.353982300884956 3.3703703703703702 3.3721340388007053 3.3876106194690268 3.3716814159292037 3.375 3.3556338028169015 3.4113475177304964 3.4074074074074074 3.381625441696113 3.3580246913580245 3.362190812720848 3.352836879432624 3.385159010600707 3.339788732394366 3.3580246913580245 3.3805309734513274 3.3703703703703702 3.346830985915493 3.3886925795053005 3.4060283687943262 3.382716049382716 3.3760984182776803 3.3771929824561404 3.3580246913580245 3.3763250883392226 3.382978723404255 3.382978723404255 3.377659574468085 3.3469026548672565 3.367311072056239 3.3551236749116606 3.374558303886926 3.4126984126984126 3.369449378330373 3.3721340388007053 3.372791519434629 3.382716049382716 3.4014084507042255 3.3858407079646016 3.3415929203539823 3.3780918727915195 3.3703703703703702 3.381205673758865 3.3527336860670194 3.3886925795053005 3.3439716312056738 3.3509700176366843 3.353982300884956 3.4042179261862917 3.431095406360424 3.3516873889875667 3.395759717314488 3.377659574468085 3.3480565371024733 3.361552028218695 3.3439153439153437 3.328042328042328 3.3904593639575973 3.3960923623445827 3.3374558303886928 3.3474426807760143 3.4017699115044246 3.421516754850088 3.357394366197183 3.3120567375886525 3.3738977072310408 3.375886524822695 3.375886524822695 3.3345132743362833 3.34982332155477 3.38339222614841 3.353356890459364 3.3780918727915195 3.3886925795053005 3.375661375661376 3.356382978723404 3.366371681415929 3.3562610229276895 3.3882978723404253 3.3879003558718863 3.382716049382716 3.3968253968253967 3.375 3.363957597173145 3.3838028169014085 3.374558303886926 3.404593639575972 3.3869257950530036 3.328042328042328 3.367021276595745 3.3904593639575973 3.4242957746478875 3.379188712522046 3.3623445825932503 3.386243386243386 3.3450704225352115 3.375886524822695 3.3523131672597866 3.3714788732394365 3.375661375661376 3.4077328646748684 3.362190812720848 3.3556338028169015 3.381625441696113 3.3703703703703702 3.3303886925795054 3.3858407079646016 3.3701754385964913 3.4049295774647885 3.3251318101933216 3.4078014184397163 3.3866432337434094 3.3732394366197185 3.3869257950530036 3.3439153439153437 3.311619718309859 3.376991150442478 3.3734513274336284 3.4063604240282683 3.387211367673179 3.3932980599647267 3.361552028218695 3.3657243816254416 3.4014084507042255 3.405309734513274 3.381625441696113 3.3964601769911504 3.3960923623445827 3.362676056338028 3.368794326241135 3.3480565371024733 3.379432624113475 3.423008849557522 3.3609154929577465 3.353356890459364 3.369449378330373 3.3657243816254416 3.4109347442680775 3.3732394366197185 3.371024734982332 3.3439153439153437 3.316901408450704 3.356382978723404 3.4169611307420493 3.381625441696113 3.366371681415929 3.3943661971830985 3.3570159857904085 3.38556338028169 3.380281690140845 3.3557522123893806 3.368606701940035 3.385159010600707 3.361552028218695 3.3858407079646016 3.3415929203539823 3.3716814159292037
Largest average system size: 3.431095406360424

Average queue size:
0.30158730158730157 0.2938053097345133 0.3003533568904594 0.29557522123893804 0.2980599647266314 0.30796460176991153 0.27886323268206037 0.29328621908127206 0.32275132275132273 0.30864197530864196 0.30687830687830686 0.299645390070922 0.3003533568904594 0.28900709219858156 0.32098765432098764 0.30604982206405695 0.30604982206405695 0.30511463844797176 0.31448763250883394 0.304270462633452 0.3192982456140351 0.31338028169014087 0.29876977152899825 0.27886323268206037 0.30565371024734983 0.30985915492957744 0.2907801418439716 0.2824156305506217 0.31327433628318585 0.2887323943661972 0.2915194346289753 0.2978723404255319 0.2938053097345133 0.30755711775043937 0.3145869947275923 0.3204225352112676 0.29225352112676056 0.3175438596491228 0.30052724077328646 0.3049645390070922 0.30212014134275617 0.29609929078014185 0.31040564373897706 0.2912966252220249 0.303886925795053 0.2962962962962963 0.2884955752212389 0.30985915492957744 0.30851063829787234 0.2778761061946903 0.28596802841918295 0.3049645390070922 0.3192982456140351 0.29557522123893804 0.30619469026548674 0.30565371024734983 0.30728241563055064 0.28113879003558717 0.30809859154929575 0.2877442273534636 0.3181818181818182 0.31448763250883394 0.3003533568904594 0.3321554770318021 0.30918727915194344 0.29876977152899825 0.3067375886524823 0.2950530035335689 0.29609929078014185 0.31161971830985913 0.27992957746478875 0.30442477876106194 0.3181019332161687 0.31095406360424027 0.2998236331569665 0.30335097001763667 0.30973451327433627 0.2862190812720848 0.29173989455184535 0.30511463844797176 0.3204225352112676 0.30141843971631205 0.3145869947275923 0.3003533568904594 0.2945326278659612 0.328042328042328 0.2867256637168142 0.30122591943957966 0.27708703374777977 0.30687830687830686 0.2968197879858657 0.2998236331569665 0.29557522123893804 0.2980599647266314 0.30687830687830686 0.2902654867256637 0.31327433628318585 0.2975352112676056 0.31690140845070425 0.3120567375886525 0.3386243386243386 0.3003533568904594 0.2998236331569665 0.2879858657243816 0.30319148936170215 0.31095406360424027 0.3045774647887324 0.2998236331569665 0.3008849557522124 0.30864197530864196 0.3045774647887324 0.31802120141342755 0.299645390070922 0.31393298059964725 0.3145869947275923 0.32105263157894737 0.30335097001763667 0.30212014134275617 0.3049645390070922 0.3191489361702128 0.29609929078014185 0.2991150442477876 0.3022847100175747 0.29858657243816256 0.303886925795053 0.30158730158730157 0.2895204262877442 0.2927689594356261 0.2879858657243816 0.2998236331569665 0.3204225352112676 0.2814159292035398 0.2867256637168142 0.3003533568904594 0.30511463844797176 0.299645390070922 0.2945326278659612 0.3003533568904594 0.2907801418439716 0.31040564373897706 0.2849557522123894 0.3216168717047452 0.3250883392226148 0.2753108348134991 0.3003533568904594 0.30319148936170215 0.2773851590106007 0.30687830687830686 0.30335097001763667 0.2945326278659612 0.29858657243816256 0.30905861456483125 0.29858657243816256 0.2962962962962963 0.30442477876106194 0.31746031746031744 0.301056338028169 0.29432624113475175 0.30864197530864196 0.30141843971631205 0.3049645390070922 0.2902654867256637 0.30742049469964666 0.31625441696113077 0.2968197879858657 0.2862190812720848 0.2862190812720848 0.2962962962962963 0.2854609929078014 0.2938053097345133 0.30864197530864196 0.3102836879432624 0.298932384341637 0.30687830687830686 0.31040564373897706 0.31514084507042256 0.29328621908127206 0.30633802816901406 0.2968197879858657 0.30212014134275617 0.2915194346289753 0.2945326278659612 0.30319148936170215 0.3197879858657244 0.3221830985915493 0.30687830687830686 0.2824156305506217 0.2821869488536155 0.30633802816901406 0.2978723404255319 0.2846975088967972 0.3045774647887324 0.31040564373897706 0.3216168717047452 0.2950530035335689 0.29577464788732394 0.3003533568904594 0.30158730158730157 0.284452296819788 0.30619469026548674 0.32105263157894737 0.34507042253521125 0.29173989455184535 0.30851063829787234 0.3216168717047452 0.31690140845070425 0.30212014134275617 0.31040564373897706 0.2869718309859155 0.2902654867256637 0.30442477876106194 0.303886925795053 0.2895204262877442 0.30335097001763667 0.2962962962962963 0.2915194346289753 0.323943661971831 0.2973451327433628 0.2968197879858657 0.30619469026548674 0.29484902309058614 0.31690140845070425 0.2765957446808511 0.2915194346289753 0.2978723404255319 0.3185840707964602 0.31161971830985913 0.30742049469964666 0.2966252220248668 0.2950530035335689 0.31746031746031744 0.3028169014084507 0.29328621908127206 0.2998236331569665 0.2887323943661972 0.28191489361702127 0.31448763250883394 0.303886925795053 0.2938053097345133 0.3028169014084507 0.2877442273534636 0.30809859154929575 0.2992957746478873 0.2902654867256637 0.30335097001763667 0.2968197879858657 0.30335097001763667 0.30973451327433627 0.27964601769911507 0.30265486725663715
Largest average queue size: 0.34507042253521125

Finishing times (Last Client arrival is at or before 510 mins):
567 565 566 565 567 565 563 566 567 567 567 564 566 564 567 562 562 567 566 562 570 568 569 563 566 568 564 563 565 568 566 564 565 569 569 568 568 570 569 564 566 564 567 563 566 567 565 568 564 565 563 564 570 565 565 566 563 562 568 563 572 566 566 566 566 569 564 566 564 568 568 565 569 566 567 567 565 566 569 567 568 564 569 566 567 567 565 571 563 567 566 567 565 567 567 565 565 568 568 564 567 566 567 566 564 566 568 567 565 567 568 566 564 567 569 570 567 566 564 564 564 565 569 566 566 567 563 567 566 567 568 565 565 566 567 564 567 566 564 567 565 569 566 563 566 564 566 567 567 567 566 563 566 567 565 567 568 564 567 564 564 565 566 566 566 566 566 567 564 565 567 564 562 567 567 568 566 568 566 566 566 567 564 566 568 567 563 567 568 564 562 568 567 569 566 568 566 567 566 565 570 568 569 564 569 568 566 567 568 565 565 566 563 567 567 566 568 565 566 565 563 568 564 566 564 565 568 566 563 566 567 568 566 567 568 564 566 566 565 568 563 568 568 565 567 566 567 565 565 565
Latest finishing time: 572
Median:	566
